1 9
1 82
1 124
1 177
2 44
2 85
2 104
2 110
2 118
2 151
2 153
2 165
2 176
3 50
3 88
3 130
3 171
4 51
4 55
4 81
4 119
4 173
5 53
5 64
5 109
5 112
5 136
5 144
5 148
6 9
6 12
6 78
6 82
6 84
6 124
6 168
7 13
8 65
8 76
8 78
8 168
9 22
9 65
9 82
9 92
9 124
9 177
10 50
10 97
10 183
11 30
12 76
12 78
12 82
12 84
12 124
12 168
13 62
13 138
13 179
14 54
14 96
14 168
14 178
15 21
16 98
17 77
18 63
18 74
18 139
18 167
19 67
19 102
20 37
20 61
20 69
20 94
22 65
23 121
24 77
24 101
24 154
25 164
26 108
26 133
26 141
27 80
27 170
28 46
28 47
28 131
29 108
31 63
32 149
32 670
32 678
32 685
32 712
32 782
33 109
34 59
34 83
34 106
34 117
35 170
36 58
36 77
36 101
36 123
36 125
36 147
36 163
37 61
37 69
38 128
39 128
39 166
40 71
41 48
41 143
41 152
42 150
43 67
43 161
44 104
44 110
44 118
44 151
44 153
44 165
44 176
45 149
45 158
46 47
46 131
47 131
48 88
48 100
48 143
48 152
49 101
49 123
49 125
49 154
50 137
51 55
51 81
51 119
51 173
51 175
52 103
53 64
53 109
53 112
53 136
53 144
53 148
54 65
54 96
54 168
54 178
55 81
55 173
55 175
56 107
56 152
56 170
57 105
57 128
58 60
58 73
58 77
58 101
58 123
58 125
58 147
58 154
58 163
59 83
59 93
59 106
59 117
59 149
60 125
60 147
60 163
63 90
63 139
64 144
64 148
65 155
65 168
65 178
66 99
68 138
69 94
69 115
70 89
71 145
72 97
72 183
73 77
73 101
73 123
73 125
73 154
74 139
74 167
75 90
75 139
76 78
77 101
77 123
77 125
77 154
77 174
78 82
78 84
78 124
79 103
80 172
81 119
81 173
82 92
82 124
82 177
83 93
83 106
83 117
84 168
85 104
85 153
86 119
87 89
88 130
88 143
88 162
91 145
92 177
93 98
95 98
95 111
95 113
96 134
96 168
96 178
97 183
98 113
98 204
98 216
98 242
98 266
99 160
100 159
101 123
101 125
101 154
102 115
104 110
104 118
104 151
104 153
104 165
104 176
105 140
106 117
107 127
108 114
109 144
110 118
110 151
110 153
110 165
110 176
111 185
111 187
111 196
111 197
111 210
111 221
111 230
111 242
111 244
112 144
115 145
116 134
118 151
118 153
118 165
118 176
119 173
120 146
122 132
123 125
123 154
124 177
125 147
125 154
125 163
126 157
128 140
128 166
129 142
134 168
134 178
135 156
136 144
137 180
139 167
143 162
144 148
147 163
151 153
151 165
151 176
152 181
153 165
153 176
165 176
168 178
169 182
173 175
184 223
184 239
185 187
185 214
185 244
186 203
186 220
187 196
187 197
187 210
187 221
187 230
187 244
188 193
189 237
190 232
190 233
191 233
192 202
194 216
194 243
195 198
195 237
196 197
196 210
196 230
196 244
197 210
197 221
197 230
197 244
199 223
199 245
200 208
200 237
201 206
201 226
201 235
201 238
202 245
203 228
204 216
204 242
205 217
205 234
205 236
206 235
206 238
207 215
208 213
208 218
208 228
208 229
208 237
208 246
209 212
210 221
210 230
210 244
211 213
212 224
213 219
213 228
214 244
216 243
217 234
217 236
218 237
218 246
220 238
221 230
222 225
223 239
224 240
224 255
226 227
226 231
227 231
228 237
229 237
230 244
232 233
234 236
234 245
237 246
241 245
247 250
247 258
247 261
247 270
248 257
249 264
250 261
250 263
250 269
250 272
250 273
251 252
251 265
252 265
253 262
253 273
254 257
254 262
256 271
256 1068
256 1088
256 1103
258 259
258 270
259 263
259 270
260 268
261 263
261 272
261 273
263 273
266 408
267 268
268 273
272 273
274 280
274 283
274 284
274 293
274 312
274 319
274 341
275 336
276 300
276 312
276 315
276 333
276 338
277 340
277 344
278 338
279 322
280 284
280 290
280 293
280 319
280 333
280 341
281 325
282 283
282 284
282 296
282 298
282 300
282 309
282 310
282 331
282 338
283 284
283 296
283 298
283 309
283 310
283 315
283 319
283 331
283 333
283 341
284 290
284 293
284 309
284 312
284 319
284 327
284 333
284 341
285 307
285 325
286 324
286 347
286 348
287 296
288 310
289 335
290 293
290 312
290 327
290 341
291 302
291 352
291 353
291 365
291 367
291 370
291 373
291 375
291 376
292 307
293 312
293 318
293 319
293 321
293 326
293 327
293 333
293 341
294 310
294 315
294 317
294 341
295 311
296 298
296 300
296 315
296 318
296 331
296 338
296 346
297 336
297 342
298 300
298 305
298 310
298 317
298 319
299 315
299 338
300 315
300 331
300 338
301 304
302 311
302 352
302 376
302 377
303 335
304 313
306 325
307 339
308 343
309 310
309 323
309 333
309 341
310 317
310 319
310 331
310 333
310 338
310 341
311 324
311 328
311 359
311 377
312 319
312 321
312 326
312 327
312 341
312 346
314 357
314 362
314 363
314 364
314 366
314 372
314 374
315 317
315 330
315 338
316 345
317 330
317 338
318 327
319 327
319 338
319 341
320 337
321 323
321 327
321 333
323 327
323 333
324 347
324 348
325 330
326 327
327 333
327 338
327 341
327 346
328 359
328 377
329 340
330 338
331 338
331 346
332 339
333 341
333 346
334 354
334 371
334 376
347 348
349 355
349 358
349 361
349 891
349 894
350 360
350 361
350 369
350 380
351 372
352 353
352 365
352 367
352 375
352 376
353 365
353 367
353 370
353 373
353 375
353 376
354 371
354 378
355 358
356 368
356 369
356 379
356 380
357 362
357 363
357 364
357 366
357 372
357 374
359 377
360 361
360 368
360 369
360 379
360 380
361 368
361 369
361 380
362 363
362 364
362 372
362 374
363 364
363 372
364 372
364 374
365 367
365 370
365 373
365 375
365 376
366 372
367 373
367 375
367 376
368 369
368 379
369 380
370 373
370 376
371 378
372 374
373 376
375 376
381 434
381 483
382 453
383 393
383 410
383 413
383 414
383 433
383 446
383 473
383 475
383 528
383 539
384 385
384 510
384 526
384 531
385 481
385 510
385 526
385 531
386 490
386 529
387 395
387 443
387 444
388 421
389 515
389 535
390 457
390 462
390 522
391 412
391 441
391 456
392 485
393 410
393 413
393 414
393 433
393 446
393 461
393 473
393 528
394 398
394 407
394 436
394 442
394 451
394 480
394 495
394 539
395 411
395 426
395 427
395 446
395 468
396 424
397 435
397 507
398 407
398 436
398 442
398 451
398 480
398 495
398 501
398 539
399 429
399 536
400 442
400 455
401 426
402 470
403 432
403 450
403 540
404 428
405 424
405 516
406 476
406 518
406 527
407 436
407 442
407 451
407 480
407 495
407 539
408 424
408 485
409 505
409 540
410 413
410 433
410 446
410 459
410 461
410 473
410 528
411 496
413 414
413 433
413 446
413 473
413 475
413 528
413 539
413 541
414 433
414 446
414 473
414 475
414 528
415 445
415 502
416 418
416 463
416 498
416 534
416 543
417 436
417 504
417 531
417 541
418 463
418 482
418 498
418 534
418 543
419 436
419 504
419 511
420 425
420 500
422 520
423 448
423 460
424 544
425 448
426 535
427 443
427 444
427 468
427 508
428 441
428 472
429 456
429 522
430 441
431 438
432 450
432 540
433 446
433 473
433 528
434 483
435 488
435 507
436 442
436 451
436 463
436 480
436 495
436 501
436 539
436 541
437 489
437 538
438 466
439 474
440 503
440 514
440 519
440 532
440 542
442 451
442 480
442 495
442 508
442 539
442 541
443 487
443 508
444 477
444 535
445 493
445 502
446 473
446 498
446 528
447 448
447 464
448 460
448 464
448 469
449 455
451 480
451 495
451 501
451 539
452 494
454 484
455 471
455 478
455 513
457 479
457 522
458 521
459 461
461 473
462 466
462 522
463 482
463 534
463 543
464 532
465 517
467 477
467 491
468 496
473 528
475 528
477 491
480 495
480 539
481 531
482 498
482 534
486 509
488 536
489 497
489 512
490 508
490 529
492 506
495 499
495 500
495 501
495 539
497 512
498 534
498 543
499 539
501 539
501 541
503 514
503 519
503 532
503 542
504 511
504 541
505 540
507 536
508 533
509 525
510 526
510 531
512 544
513 524
514 519
514 532
515 535
519 532
523 536
526 531
530 537
534 543
545 546
545 571
545 586
546 607
547 599
548 600
548 603
549 559
549 597
550 558
551 585
551 593
551 594
551 617
551 619
551 637
552 593
552 594
552 619
552 628
553 614
553 621
553 638
554 589
554 592
555 588
555 616
555 622
556 560
556 633
557 571
559 597
560 562
560 596
560 605
560 633
561 562
561 580
561 596
561 605
561 609
562 596
562 615
562 637
563 570
563 612
563 636
564 623
564 625
565 579
566 574
566 585
566 593
566 594
566 619
566 628
567 570
567 581
567 612
568 584
568 599
569 575
569 605
569 609
570 581
570 610
570 612
570 631
571 572
573 584
574 593
574 619
574 628
575 605
576 587
577 595
577 596
578 613
579 595
579 600
580 605
580 609
581 601
581 606
581 610
581 612
581 631
582 591
583 598
584 586
584 599
584 632
585 593
585 594
585 619
585 628
588 614
588 616
589 592
590 630
591 608
591 627
591 635
593 594
593 619
593 628
594 619
594 628
595 599
595 604
597 632
601 610
601 631
602 615
605 609
605 637
606 611
608 627
610 612
610 627
610 631
610 635
612 631
612 636
614 621
614 638
615 629
617 628
618 626
618 634
619 628
620 622
620 624
621 638
623 625
624 630
626 634
627 635
639 650
639 675
639 733
640 643
640 705
640 801
641 656
641 754
641 766
642 702
642 726
642 808
643 651
643 693
643 761
644 665
644 718
645 708
645 786
646 648
646 664
646 669
646 702
646 729
647 702
647 744
648 714
649 658
649 734
649 742
650 675
650 733
651 693
652 715
652 721
652 761
653 692
653 696
653 743
653 756
653 757
653 774
653 800
654 659
655 750
656 663
656 766
656 816
657 673
657 810
658 742
659 688
659 701
659 804
659 811
660 671
660 723
660 730
660 740
660 747
661 680
661 736
661 745
661 763
661 780
662 780
664 681
664 706
664 732
665 718
666 680
666 722
666 736
666 738
666 760
666 765
666 795
667 694
667 710
667 713
667 716
667 737
668 737
671 723
671 730
671 740
672 758
672 770
672 772
672 783
673 810
674 699
674 754
674 766
674 797
675 733
676 755
676 797
677 717
677 778
677 787
678 712
679 760
680 722
680 738
680 745
680 760
680 763
680 765
680 780
680 795
682 773
683 704
684 719
684 767
685 782
686 728
686 731
686 739
686 741
686 785
686 788
686 790
687 742
688 752
688 804
688 816
689 764
689 796
690 811
691 768
692 696
692 743
692 756
692 757
692 774
694 716
695 791
695 802
695 806
695 807
695 812
695 813
695 815
696 743
696 756
696 757
696 774
696 800
697 698
697 710
697 713
697 716
697 727
697 728
697 799
698 710
698 713
698 727
698 728
699 797
700 720
701 758
702 726
702 775
702 784
703 767
704 753
704 792
706 736
707 779
709 726
710 713
710 727
710 749
710 799
711 751
713 716
713 749
715 744
716 727
716 749
716 799
720 725
720 778
721 762
722 736
722 738
722 745
722 760
722 763
722 765
722 795
723 730
723 740
723 747
724 794
726 776
726 784
726 805
726 808
727 749
727 799
728 731
728 739
728 741
728 749
728 788
728 790
729 751
729 754
730 740
730 747
731 739
731 741
731 788
732 762
734 746
734 748
735 769
735 793
736 738
736 745
736 760
736 765
736 774
736 795
738 745
738 760
738 765
738 795
739 741
739 788
739 790
740 747
741 788
741 790
743 756
743 757
743 774
743 800
745 760
745 763
745 765
745 780
745 795
746 748
748 768
748 814
749 799
752 808
753 771
755 792
756 757
756 774
756 800
757 774
757 800
759 763
760 763
760 765
760 795
761 769
761 771
761 792
765 795
766 771
767 778
770 772
774 800
775 792
776 784
776 805
776 808
777 809
781 798
784 805
784 808
788 790
789 803
791 802
791 806
791 807
791 812
791 813
802 806
802 807
802 812
802 813
805 808
806 807
806 812
806 813
807 812
807 813
812 813
817 846
817 889
817 898
817 902
817 930
817 936
817 971
817 1034
818 855
818 1044
819 945
819 994
819 1020
820 984
821 838
821 852
821 863
821 873
821 876
821 893
821 980
821 998
822 873
822 893
822 921
822 922
822 1015
823 861
823 891
823 917
823 961
823 1006
824 933
824 1042
825 888
825 953
825 957
825 978
826 1035
827 854
828 833
828 882
828 901
828 923
828 989
829 918
829 932
829 934
829 1056
830 869
830 897
830 992
831 832
831 848
831 850
831 868
831 874
831 880
831 887
831 899
831 903
831 928
831 1008
831 1029
832 848
832 868
832 874
832 880
832 887
832 899
832 903
832 928
832 1008
832 1029
833 882
833 901
833 923
833 987
833 1019
834 940
834 951
834 1005
834 1016
834 1037
835 983
835 1039
836 843
836 851
836 864
836 870
836 939
836 1032
836 1050
837 904
837 914
837 919
838 852
838 863
838 873
838 876
838 893
838 922
838 958
838 980
838 998
838 1015
838 1021
839 865
840 875
841 915
841 931
841 979
841 999
841 1024
842 1049
843 851
843 864
843 894
843 939
843 988
844 951
844 985
845 854
845 1033
846 889
846 971
846 1034
846 1045
847 870
847 995
847 1048
848 850
848 868
848 874
848 887
848 899
848 903
848 928
848 1008
848 1029
849 879
849 1001
849 1060
850 868
850 874
850 880
850 887
850 899
850 903
850 928
850 1008
850 1029
851 864
851 917
851 939
851 1032
852 863
852 958
852 998
852 1044
853 886
853 892
853 955
853 962
854 970
854 1033
855 863
855 884
855 893
855 921
855 922
855 941
855 978
855 1030
856 913
856 1010
856 1019
857 875
857 920
857 940
857 985
857 1012
857 1016
857 1020
858 881
858 908
858 1002
858 1013
858 1025
859 997
859 1039
860 961
860 976
860 1011
861 862
861 961
862 911
862 1017
862 1022
863 870
863 876
863 893
863 922
863 978
863 980
863 998
863 1021
864 939
864 1032
864 1050
865 924
865 983
866 926
867 1041
867 1052
868 874
868 880
868 887
868 899
868 903
868 928
868 1008
868 1029
869 897
870 939
870 1050
871 881
871 908
871 944
871 996
871 1002
871 1025
871 1028
872 1001
873 876
873 921
873 1015
873 1021
874 880
874 887
874 903
874 928
874 1008
875 883
876 921
876 998
876 1044
877 986
878 879
879 894
879 992
879 1011
879 1027
879 1060
880 887
880 903
880 928
880 1008
881 908
881 944
881 996
881 1025
881 1028
882 923
882 1036
884 941
884 947
885 901
886 909
886 910
886 942
886 959
886 992
886 1011
886 1046
886 1060
887 899
887 903
887 928
887 1008
887 1029
888 904
889 898
889 902
889 930
889 936
889 971
889 990
889 993
889 1034
890 1006
890 1054
891 925
892 1005
893 921
893 974
893 980
893 998
893 1021
893 1044
894 988
894 992
894 1027
894 1060
895 969
896 938
896 967
897 909
898 902
898 936
898 971
898 990
898 993
898 1034
898 1045
899 903
899 928
899 1008
900 907
900 929
901 923
901 989
902 936
902 971
902 1034
903 928
903 1008
903 1029
904 914
904 919
905 938
905 968
906 933
906 952
907 929
907 965
907 1052
908 944
908 984
908 996
908 1013
909 959
909 1011
909 1060
910 961
910 992
911 1017
911 1022
912 1058
913 929
913 1019
914 919
915 931
915 979
915 999
915 1024
916 957
916 1007
916 1048
918 934
918 1018
921 974
921 998
921 1015
921 1021
921 1038
921 1051
922 978
922 980
922 1044
923 989
927 982
928 1008
928 1029
929 965
931 979
931 999
931 1024
932 1023
932 1053
932 1056
933 952
934 1056
935 981
936 971
936 1034
937 946
938 949
938 950
938 967
938 968
938 1031
939 1050
941 947
941 958
941 1044
943 1047
944 984
944 1000
944 1002
944 1013
944 1025
945 994
945 1047
947 978
947 1044
948 991
949 950
949 968
949 1031
950 967
950 968
950 1031
953 971
954 1052
955 1048
956 963
956 1058
958 995
958 1044
959 992
960 963
961 992
961 1016
961 1046
963 986
963 1004
964 985
964 1043
966 1055
967 1031
968 975
968 1031
969 1007
970 1033
971 990
971 993
971 1034
971 1045
972 1009
973 1027
974 1015
974 1021
974 1051
977 1044
979 999
979 1024
980 1044
984 1002
984 1025
984 1028
985 1043
990 993
992 1027
992 1046
992 1060
994 1020
995 1057
996 1028
998 1015
999 1024
1000 1028
1001 1011
1001 1060
1002 1013
1002 1025
1002 1028
1003 1010
1006 1022
1006 1054
1008 1029
1011 1060
1013 1025
1013 1028
1014 1040
1015 1051
1017 1022
1025 1028
1026 1059
1032 1050
1038 1051
1061 1073
1061 1076
1061 1077
1061 1087
1061 1094
1061 1095
1062 1065
1062 1067
1062 1073
1062 1076
1062 1077
1062 1082
1062 1087
1062 1091
1062 1097
1062 1099
1062 1105
1063 1093
1064 1067
1064 1072
1064 1074
1064 1083
1064 1091
1065 1079
1065 1091
1065 1093
1065 1097
1065 1099
1065 1105
1066 1089
1067 1072
1067 1074
1067 1097
1068 1070
1068 1088
1068 1090
1068 1106
1069 1086
1069 1092
1069 1098
1070 1103
1071 1079
1071 1093
1072 1074
1072 1083
1073 1075
1073 1076
1073 1077
1073 1087
1073 1094
1073 1095
1074 1079
1074 1083
1074 1091
1074 1099
1075 1081
1075 1101
1076 1077
1076 1087
1076 1094
1076 1095
1076 1097
1077 1078
1077 1081
1077 1084
1077 1087
1077 1091
1077 1094
1077 1095
1077 1097
1078 1084
1078 1104
1079 1093
1079 1097
1079 1099
1079 1105
1080 1102
1081 1096
1081 1100
1081 1103
1082 1087
1083 1090
1083 1096
1083 1103
1083 1106
1085 1100
1086 1092
1086 1098
1087 1095
1088 1103
1090 1103
1090 1106
1091 1093
1091 1097
1091 1105
1091 1106
1092 1098
1093 1097
1093 1099
1095 1099
1096 1100
1096 1103
1096 1105
1096 1106
1097 1099
1100 1103
1100 1104
1100 1106
1103 1106
