1 17
1 27
1 42
2 32
3 4
5 65
6 38
6 48
6 52
7 15
7 47
8 38
9 39
10 36
11 66
12 58
13 22
13 63
14 57
14 61
15 47
16 34
17 27
17 67
18 35
19 55
19 64
20 56
21 33
23 50
24 30
25 68
26 34
27 42
28 42
29 30
31 40
33 62
35 51
37 45
38 41
43 54
44 60
46 53
49 59
55 64
69 79
70 76
70 83
71 72
73 80
73 87
74 75
76 85
77 78
78 82
78 85
80 87
81 88
83 86
84 90
89 91
92 93
94 102
94 106
94 107
95 96
96 97
98 105
99 104
100 101
102 106
102 107
103 109
103 121
106 107
108 114
108 115
108 120
108 126
109 121
109 124
110 112
111 119
111 120
111 125
111 126
113 123
114 115
114 119
114 120
114 125
114 126
115 119
115 120
115 126
116 117
116 118
116 122
117 118
118 122
119 120
119 125
120 126
121 124
127 142
127 158
128 146
129 166
129 173
130 169
130 175
131 151
132 147
133 140
134 141
134 145
134 177
135 164
135 177
136 144
136 162
137 163
137 167
138 161
139 149
140 175
141 145
141 177
142 158
143 156
144 162
147 155
147 157
147 168
148 150
151 153
152 170
154 160
159 165
163 167
164 177
165 172
166 173
168 171
169 175
174 176
178 181
179 200
179 206
180 182
180 203
182 193
182 203
183 185
183 191
184 186
184 197
187 193
188 197
189 192
190 194
192 196
192 202
192 205
195 198
196 202
199 201
199 204
200 206
201 204
202 205
207 209
207 216
207 226
208 213
208 222
209 216
209 226
210 215
210 224
210 225
210 228
210 229
211 230
211 234
212 234
213 222
214 227
215 224
215 225
215 228
216 226
217 221
218 223
218 231
219 235
220 233
224 225
224 228
224 229
225 228
225 229
228 229
232 236
237 260
237 279
237 286
238 244
238 248
239 249
239 251
239 253
240 295
241 283
242 272
243 254
244 248
245 258
245 262
246 299
247 268
249 251
249 253
250 285
250 287
251 253
252 256
252 274
252 280
252 288
255 275
256 274
256 280
256 288
257 261
258 262
258 266
259 296
260 279
260 296
262 273
263 277
264 265
264 290
265 268
265 290
267 294
268 290
269 282
270 289
271 298
274 280
274 288
276 278
279 286
280 288
281 283
284 293
285 287
291 297
292 298
300 302
300 306
301 315
302 306
303 305
303 314
303 316
304 313
304 317
304 318
307 310
307 320
308 311
308 323
309 321
310 319
312 319
313 317
313 318
317 318
319 322
