1 36
1 41
1 42
1 58
1 71
1 75
1 99
1 106
1 159
1 241
1 279
2 14
2 92
2 93
2 120
2 182
2 253
2 262
2 268
2 276
3 57
3 68
3 184
3 223
3 230
4 62
4 123
4 148
4 160
4 174
4 222
4 224
4 247
4 264
5 70
5 126
5 128
5 147
5 153
5 166
5 190
5 255
6 72
6 78
6 118
6 175
6 258
7 15
7 22
7 28
7 51
7 70
7 85
7 102
7 138
7 199
7 249
7 273
7 274
7 280
8 74
8 89
8 158
8 164
8 198
8 211
8 215
9 46
9 51
9 119
9 169
9 179
9 192
9 216
10 14
10 19
10 30
10 92
10 93
10 115
10 120
10 122
10 171
10 182
10 251
10 253
10 262
10 276
11 20
11 265
11 267
12 13
12 30
12 90
12 92
12 93
12 109
12 112
12 115
12 171
12 251
12 253
12 262
13 30
13 72
13 91
13 92
13 110
13 141
13 142
13 171
13 183
13 233
13 235
13 253
13 258
13 276
14 30
14 32
14 90
14 92
14 120
14 132
14 171
14 182
14 253
14 262
14 268
14 276
15 70
15 128
15 138
15 152
15 249
15 261
15 273
15 280
16 39
16 48
16 66
16 81
16 93
16 98
16 115
16 125
16 142
16 155
16 183
16 186
16 191
16 193
16 198
16 218
17 41
17 44
17 64
17 75
17 77
17 83
17 147
17 153
17 159
17 195
17 202
17 217
17 241
17 244
17 279
18 42
18 261
18 265
19 30
19 92
19 93
19 112
19 115
19 120
19 122
19 182
19 251
19 253
19 262
20 87
20 169
20 187
20 200
20 272
21 36
21 58
21 145
21 180
21 245
21 265
21 267
22 39
22 66
22 67
22 102
22 138
22 191
22 249
22 272
22 273
23 76
23 109
23 137
23 251
23 271
24 31
25 140
26 114
27 88
27 100
27 108
27 151
27 162
27 204
27 228
27 231
27 250
27 259
28 94
28 113
28 145
28 201
28 273
29 54
29 86
29 96
29 113
29 131
29 135
29 209
30 32
30 76
30 90
30 92
30 93
30 109
30 112
30 115
30 122
30 171
30 182
30 186
30 196
30 251
30 253
30 262
30 271
30 276
32 90
32 253
32 276
33 105
33 177
33 245
33 278
34 114
34 142
34 144
34 226
35 243
36 41
36 42
36 44
36 58
36 64
36 71
36 99
36 103
36 147
36 241
36 244
36 259
36 266
37 157
37 194
37 207
38 117
38 119
38 254
38 267
38 269
39 66
39 67
39 191
40 157
41 42
41 71
41 75
41 77
41 83
41 103
41 117
41 147
41 156
41 159
41 161
41 166
41 195
41 201
41 202
41 206
41 212
41 217
41 241
41 244
41 256
41 266
41 279
42 265
43 97
43 152
44 64
44 75
44 88
44 151
44 166
44 195
44 202
44 244
44 259
44 279
45 139
45 220
45 1344
45 1362
45 1384
45 1438
45 1516
45 1580
46 169
46 192
46 203
46 219
47 128
48 158
49 79
49 103
49 106
49 113
49 131
49 179
49 180
49 225
49 257
49 275
50 82
50 121
50 139
50 154
50 173
51 239
51 254
51 273
52 107
52 249
52 269
53 81
53 114
53 142
53 144
53 181
53 183
53 214
53 238
54 86
54 96
55 186
56 186
56 248
57 105
57 113
57 135
57 170
57 188
57 240
57 265
58 71
58 99
58 103
58 241
58 267
59 68
59 210
59 223
60 221
61 94
61 187
61 236
62 148
62 160
62 174
62 222
62 224
62 247
62 264
63 152
64 71
64 75
64 77
64 83
64 140
64 147
64 153
64 159
64 166
64 195
64 202
64 217
64 241
64 242
64 259
64 266
64 279
65 220
65 232
66 67
66 191
67 180
67 191
67 216
67 225
68 126
68 143
68 210
68 223
69 142
69 144
69 181
69 183
69 226
70 131
70 199
70 249
70 273
71 87
71 99
71 103
71 134
71 145
71 195
71 245
71 270
72 78
72 118
72 175
72 258
72 263
73 146
74 89
74 158
74 164
74 198
74 211
74 215
75 77
75 83
75 147
75 153
75 159
75 161
75 166
75 195
75 202
75 206
75 217
75 241
75 244
75 266
75 279
76 90
76 109
76 137
76 251
76 271
77 83
77 147
77 153
77 159
77 166
77 195
77 202
77 206
77 217
77 241
77 242
77 244
77 259
77 266
77 279
78 118
78 258
78 263
79 106
79 155
79 180
79 223
79 254
80 149
80 186
81 84
81 104
81 114
81 142
81 144
81 181
81 183
81 214
81 226
81 238
82 121
82 133
82 154
82 173
82 220
83 147
83 153
83 159
83 166
83 195
83 202
83 206
83 217
83 241
83 244
83 256
83 266
83 279
84 142
84 183
84 214
84 238
85 152
85 169
85 273
86 119
86 209
87 187
87 192
87 265
88 100
88 129
88 151
88 162
88 204
88 228
88 231
88 259
89 211
89 215
90 109
90 171
90 227
90 251
90 253
90 262
90 271
90 276
91 141
92 93
92 109
92 112
92 115
92 120
92 157
92 171
92 176
92 182
92 213
92 253
92 262
92 276
93 112
93 115
93 120
93 132
93 171
93 182
93 253
93 262
93 276
94 187
95 200
96 135
96 168
97 257
97 269
98 127
99 212
100 108
100 111
100 129
100 151
100 162
100 204
100 228
100 231
100 250
100 259
100 279
101 121
101 143
101 169
101 179
101 201
101 216
101 269
102 138
102 273
102 280
103 156
103 166
103 209
103 242
103 265
103 279
104 114
104 144
104 181
104 183
104 226
105 107
105 128
105 195
105 245
105 252
105 256
105 269
106 113
106 150
106 180
106 188
106 225
107 192
107 201
107 269
108 151
108 162
108 204
108 228
108 231
108 250
108 259
109 112
109 137
109 171
109 196
109 233
109 251
109 253
109 262
109 271
111 129
111 151
111 162
111 204
111 228
111 231
111 259
112 115
112 171
112 253
112 262
113 180
113 209
113 210
113 225
114 142
114 144
114 181
114 183
114 226
114 260
115 120
115 122
115 182
115 253
115 262
115 276
116 146
117 119
117 256
117 273
118 175
118 258
119 143
119 152
119 180
119 185
119 273
120 132
120 182
120 253
120 262
120 268
120 276
121 133
121 139
121 154
121 173
121 261
121 265
122 251
122 253
123 148
123 224
123 273
124 175
125 127
126 190
126 210
126 237
128 138
128 188
128 195
128 201
128 256
128 273
129 151
129 162
129 228
129 231
129 259
129 278
130 212
131 210
131 249
131 254
131 273
132 253
132 262
132 268
132 276
133 140
133 202
135 269
136 140
136 163
136 165
137 196
137 251
137 271
138 273
138 280
139 154
139 173
139 655
139 778
139 784
139 823
139 852
139 890
139 1284
139 1305
139 1362
139 1384
139 1438
139 1580
140 165
140 323
140 344
140 394
140 462
141 235
142 144
142 181
142 183
142 214
142 226
142 238
142 260
143 234
144 181
144 183
144 226
145 168
145 187
145 245
145 265
145 278
147 153
147 159
147 161
147 166
147 195
147 202
147 206
147 217
147 241
147 244
147 279
148 160
148 174
148 222
148 224
148 247
148 264
149 205
151 162
151 204
151 228
151 231
151 250
151 259
151 265
151 279
152 223
152 234
152 239
152 277
153 159
153 195
153 202
153 206
153 217
153 241
153 244
153 279
154 173
155 185
157 167
158 211
159 161
159 166
159 195
159 202
159 206
159 217
159 241
159 244
159 279
160 174
160 222
160 224
160 247
160 264
161 166
161 202
161 206
161 217
161 266
161 279
162 204
162 228
162 231
162 250
162 259
162 265
163 283
163 291
163 305
163 307
163 329
163 353
163 368
163 394
163 401
164 211
165 265
166 195
166 202
166 206
166 217
166 244
166 265
166 266
166 279
168 212
169 178
169 179
169 192
169 216
169 219
169 267
170 188
170 237
170 240
170 277
171 186
171 233
171 253
171 262
171 268
171 276
172 196
173 261
174 222
174 224
174 247
174 264
175 258
176 213
176 253
177 245
178 192
178 193
179 199
179 216
180 188
180 225
180 261
181 183
181 226
182 253
182 262
182 268
182 276
183 214
183 226
183 238
184 230
185 269
186 205
186 248
187 188
187 265
188 225
188 240
189 208
192 216
192 261
195 202
195 206
195 217
195 241
195 244
195 266
195 279
196 251
196 253
196 271
197 229
198 211
199 249
199 273
199 274
201 216
201 252
202 206
202 217
202 241
202 244
202 266
202 279
204 228
204 231
204 250
204 259
206 217
206 241
206 244
206 266
206 279
209 210
209 237
209 277
210 237
211 215
212 273
213 253
214 238
216 240
216 252
216 267
217 244
217 266
217 279
220 265
222 224
222 247
222 264
223 275
224 247
224 264
228 231
228 250
228 259
231 250
231 259
231 265
239 261
241 242
241 244
241 266
241 279
242 259
242 279
243 261
244 266
244 279
245 278
246 253
247 264
249 265
249 269
249 272
250 259
251 271
252 277
253 262
253 276
257 269
258 263
259 265
259 279
261 265
261 267
261 274
262 276
266 279
268 276
269 273
273 274
273 280
281 355
281 371
281 386
282 292
282 302
282 312
282 322
282 325
282 378
282 381
282 392
282 393
282 396
283 291
283 339
283 401
284 295
284 343
284 364
284 388
285 288
285 289
285 300
285 306
285 309
285 336
285 341
285 349
285 352
285 357
285 361
285 373
285 378
286 314
286 351
287 292
287 320
287 340
287 342
287 348
287 354
287 359
287 370
287 372
287 376
287 377
287 395
287 397
288 289
288 306
288 309
288 310
288 349
288 352
288 357
288 361
288 363
288 383
288 393
288 400
289 306
289 310
289 336
289 349
289 352
289 357
289 361
289 378
289 383
289 400
289 403
290 293
290 315
290 316
290 332
290 365
290 387
290 398
290 399
291 305
291 307
291 329
291 353
291 368
291 401
292 298
292 299
292 312
292 320
292 325
292 326
292 330
292 340
292 348
292 354
292 359
292 372
292 376
292 377
292 395
292 397
294 313
294 319
294 324
294 383
294 389
294 392
294 398
294 403
295 364
296 301
297 384
298 320
298 340
298 359
298 370
298 372
298 376
298 377
298 397
299 320
299 340
299 348
299 359
299 372
299 376
299 395
299 397
300 309
300 313
300 349
300 352
302 344
302 396
303 308
303 384
304 336
304 389
305 307
305 329
305 368
305 401
306 309
306 313
306 336
306 349
306 352
306 357
306 361
306 373
306 378
306 393
306 403
307 329
307 353
307 368
307 401
309 341
309 349
309 361
309 373
309 378
309 393
310 318
310 355
310 403
311 327
311 384
312 322
312 325
312 341
312 362
312 373
312 381
312 385
312 392
313 352
313 403
314 366
315 316
315 332
315 334
315 387
316 319
316 332
316 365
316 387
316 398
317 364
317 404
318 357
318 373
318 403
319 332
319 340
319 392
319 398
320 326
320 340
320 348
320 359
320 370
320 372
320 376
320 377
320 395
320 397
321 323
321 354
321 386
322 350
322 373
322 393
323 344
323 394
324 345
324 357
324 380
324 382
324 389
325 373
325 381
325 385
326 342
326 377
326 395
327 338
327 343
327 346
327 366
327 367
327 384
327 405
328 335
328 371
329 353
329 368
329 401
331 338
332 365
332 387
332 399
333 362
333 363
333 389
335 356
335 392
336 352
336 357
336 361
336 378
336 389
337 350
337 404
338 347
338 366
339 401
340 342
340 348
340 354
340 359
340 370
340 372
340 376
340 377
340 395
340 397
341 348
341 349
341 361
341 362
341 373
342 359
342 376
342 377
342 395
343 364
343 375
343 384
343 388
344 396
345 357
345 380
345 382
345 389
346 384
346 405
348 359
348 370
348 376
348 377
348 390
348 395
348 397
349 378
349 400
350 404
351 385
352 357
352 361
352 393
353 368
354 358
354 376
354 377
354 397
355 371
355 386
356 390
356 392
356 420
357 361
357 378
357 380
357 389
358 377
359 370
359 372
359 376
359 395
359 397
360 374
360 375
361 378
361 387
361 393
362 363
362 369
363 369
364 388
365 398
366 384
367 384
368 401
369 389
370 372
370 376
370 395
370 397
371 386
371 391
372 376
372 377
372 395
372 397
373 379
373 381
373 385
374 375
374 388
375 388
375 399
376 377
376 395
376 397
377 395
377 397
378 393
380 382
380 389
380 393
380 403
381 392
382 389
384 405
389 399
389 403
390 399
391 403
392 393
392 398
395 397
399 402
406 414
406 434
406 439
406 447
406 472
406 482
407 418
407 432
407 435
407 473
407 484
407 488
408 410
408 413
408 426
408 433
408 444
408 454
408 456
408 463
408 467
408 468
408 470
408 480
408 485
409 410
409 412
409 413
409 422
409 425
409 426
409 433
409 444
409 448
409 451
409 454
409 456
409 460
409 463
409 467
409 468
409 470
409 471
409 477
409 480
409 485
410 412
410 413
410 422
410 425
410 426
410 433
410 444
410 448
410 451
410 454
410 456
410 460
410 463
410 467
410 468
410 470
410 471
410 474
410 477
410 480
410 485
411 455
412 413
412 422
412 425
412 426
412 433
412 444
412 448
412 451
412 454
412 456
412 463
412 467
412 468
412 470
412 471
412 477
412 480
412 485
413 422
413 425
413 426
413 433
413 444
413 445
413 448
413 451
413 454
413 456
413 460
413 463
413 467
413 468
413 470
413 471
413 474
413 477
413 480
413 485
414 434
414 436
414 447
414 453
414 469
414 482
414 483
414 486
415 416
415 450
415 458
415 459
416 450
416 458
416 459
417 435
417 436
417 437
417 449
417 457
417 464
417 482
417 486
417 488
418 423
418 428
418 429
418 430
418 431
418 435
418 438
418 440
418 441
418 442
418 452
418 473
418 481
418 487
419 430
419 432
419 435
419 441
419 449
419 457
419 484
421 476
421 2105
421 2125
421 2142
422 426
422 433
422 444
422 451
422 454
422 456
422 463
422 467
422 468
422 470
422 471
422 477
422 480
422 485
423 428
423 430
423 431
423 436
423 437
423 441
423 442
423 449
423 452
423 457
423 464
423 481
423 484
423 487
424 429
424 430
424 436
424 437
424 442
424 452
424 464
424 481
424 484
424 487
425 426
425 433
425 444
425 445
425 448
425 451
425 454
425 456
425 460
425 463
425 467
425 468
425 470
425 471
425 474
425 477
425 480
425 485
426 433
426 444
426 445
426 448
426 451
426 454
426 456
426 463
426 467
426 468
426 470
426 471
426 474
426 477
426 480
426 485
427 430
427 446
427 457
427 692
427 954
428 429
428 430
428 431
428 432
428 437
428 441
428 442
428 457
428 481
428 484
428 487
429 430
429 435
429 437
429 443
429 457
429 464
429 481
429 482
429 484
430 432
430 435
430 437
430 438
430 441
430 443
430 452
430 457
430 464
430 473
430 475
430 484
431 436
431 442
431 452
431 464
431 473
431 481
431 484
431 487
432 435
432 437
432 452
432 473
432 482
432 484
433 444
433 445
433 448
433 451
433 454
433 456
433 460
433 467
433 468
433 470
433 471
433 474
433 477
433 480
433 485
434 436
434 439
434 440
434 441
434 442
434 447
434 453
434 466
434 469
434 472
434 482
434 487
435 437
435 438
435 442
435 443
435 457
435 461
435 473
435 475
435 481
435 484
435 488
436 437
436 447
436 449
436 452
436 464
436 475
436 482
436 483
436 484
436 486
436 487
436 488
437 441
437 442
437 449
437 452
437 457
437 464
437 481
437 482
437 487
437 488
438 452
438 457
438 464
438 475
438 479
438 482
439 440
439 472
440 441
440 442
440 453
440 472
440 482
440 487
441 442
441 452
441 481
441 487
442 449
442 457
442 464
442 481
442 487
443 457
443 466
443 473
443 481
443 484
444 448
444 451
444 454
444 456
444 460
444 463
444 467
444 468
444 470
444 471
444 474
444 477
444 480
444 485
445 448
445 456
445 460
445 470
445 471
445 474
445 485
446 796
446 855
446 954
446 1014
447 453
447 482
447 483
447 486
448 451
448 454
448 456
448 460
448 463
448 467
448 468
448 470
448 471
448 474
448 477
448 480
449 452
449 457
449 464
449 475
449 484
450 458
450 459
450 460
451 454
451 456
451 463
451 467
451 468
451 470
451 471
451 477
451 480
451 485
452 457
452 464
452 475
452 481
452 482
452 484
452 487
452 488
453 482
453 486
454 456
454 460
454 463
454 467
454 468
454 470
454 471
454 477
454 480
454 485
456 463
456 467
456 468
456 470
456 471
456 474
456 477
456 480
456 485
457 473
457 475
457 484
458 459
458 478
460 463
460 467
460 468
460 471
460 474
460 477
460 480
460 485
462 712
463 467
463 468
463 470
463 471
463 474
463 477
463 485
464 473
464 475
464 479
464 481
464 482
464 484
464 488
465 466
466 486
467 468
467 470
467 471
467 474
467 477
467 480
467 485
468 470
468 471
468 474
468 477
468 480
468 485
470 471
470 474
470 477
470 480
470 485
471 474
471 477
471 480
471 485
473 475
473 488
474 477
474 480
475 484
477 480
477 485
479 482
480 485
481 484
481 486
481 487
482 483
482 486
482 488
483 486
484 487
484 488
489 511
489 519
489 528
489 545
489 550
489 551
489 560
489 562
489 564
489 577
489 584
489 592
489 604
490 498
490 506
490 507
490 521
490 556
490 569
490 605
491 520
491 598
492 534
492 556
492 563
492 595
492 600
493 523
493 561
493 603
493 609
494 505
494 517
494 527
494 528
494 561
494 575
494 606
494 610
495 600
496 574
496 575
497 540
497 546
497 560
497 561
497 574
497 594
497 610
498 507
498 516
498 521
498 569
498 595
498 605
499 555
499 560
499 579
499 613
500 520
500 612
501 506
501 507
501 525
501 531
501 534
501 552
501 553
501 591
501 600
502 519
502 539
502 541
502 546
502 554
502 577
502 587
502 590
502 606
502 614
502 630
502 649
503 528
503 540
503 560
503 601
503 604
503 606
503 608
503 613
504 505
504 581
504 612
505 514
505 517
505 527
505 575
505 612
506 507
506 525
506 531
506 552
506 553
506 563
506 569
506 591
506 595
506 605
507 516
507 521
507 552
507 556
507 569
507 583
507 593
507 595
507 605
508 527
508 590
509 511
509 530
509 549
509 555
509 575
509 577
509 579
509 614
510 578
510 616
510 618
511 512
511 519
511 535
511 544
511 548
511 550
511 555
511 567
511 573
511 577
511 581
511 586
511 590
511 592
512 519
512 528
512 541
512 550
512 567
512 570
512 573
512 581
512 585
512 586
512 599
513 525
513 613
514 526
514 527
514 553
515 517
515 523
515 555
515 597
515 614
516 521
516 556
516 583
516 593
516 605
517 542
517 555
517 610
517 611
517 612
517 613
517 614
517 617
518 539
518 582
518 622
518 624
518 636
518 638
518 642
518 645
518 647
518 648
519 549
519 550
519 564
519 567
519 577
519 581
519 614
520 612
521 556
521 568
521 569
521 571
521 580
521 583
521 593
521 595
521 605
522 553
522 563
522 566
522 575
522 605
523 542
523 546
523 555
523 561
523 565
523 581
523 611
523 612
523 614
524 554
525 531
525 534
525 563
525 568
525 591
525 593
525 600
525 615
526 603
526 608
527 538
527 546
527 574
527 575
527 589
527 597
528 529
528 540
528 543
528 544
528 550
528 560
528 567
528 572
528 573
528 577
528 584
528 606
529 535
529 555
529 592
529 598
529 607
530 549
530 555
530 584
530 601
530 602
531 534
531 545
531 553
531 566
531 569
532 563
532 600
533 613
534 563
534 591
534 600
535 544
535 550
535 555
535 562
535 567
535 573
535 577
535 592
535 598
535 614
536 543
537 555
538 575
539 554
539 622
539 648
539 649
540 560
540 562
540 572
540 594
540 601
540 604
540 606
540 613
541 544
541 564
541 567
541 573
541 577
541 585
541 586
541 590
541 602
541 610
541 614
542 597
542 612
543 558
544 564
544 567
544 573
544 585
544 586
544 590
544 592
544 602
544 614
546 574
546 590
547 557
547 613
548 579
548 590
549 555
549 567
549 577
549 581
549 582
549 602
549 614
550 562
550 564
550 567
550 573
550 577
550 584
550 586
550 592
550 604
550 608
551 562
551 572
551 584
551 601
551 608
552 553
552 576
552 595
552 605
553 566
553 569
553 591
553 595
553 600
553 605
554 578
554 587
554 630
554 649
555 557
555 560
555 564
555 577
555 579
555 581
555 610
555 614
556 569
556 571
556 580
556 583
556 593
556 605
556 615
557 590
557 610
559 628
559 633
559 634
559 635
559 637
559 644
559 646
560 562
561 588
561 609
562 572
562 584
562 601
562 604
562 606
563 566
563 582
563 589
563 600
564 567
564 573
564 577
564 586
564 592
564 614
565 611
566 589
566 600
567 573
567 577
567 581
567 585
567 586
567 590
567 592
567 602
567 614
568 583
569 583
569 593
569 600
569 605
570 599
571 576
571 583
571 593
571 595
572 581
572 584
572 601
572 603
572 604
572 615
573 577
573 585
573 586
573 592
573 602
573 614
573 615
574 575
575 589
576 583
576 593
576 595
577 585
577 586
577 592
577 598
577 614
578 616
578 618
579 589
579 590
579 601
579 610
580 583
580 593
581 599
581 603
581 606
581 640
582 614
582 622
582 624
582 636
582 638
582 642
582 645
582 647
582 648
583 593
583 595
583 600
583 605
583 615
584 604
584 608
585 586
586 592
587 630
587 649
588 603
589 600
591 600
591 615
592 615
593 595
593 605
594 602
595 605
595 615
596 625
596 643
596 648
601 603
601 604
603 606
604 606
606 613
609 613
610 614
616 618
619 623
619 626
619 629
619 632
619 1809
619 1813
620 631
620 632
620 641
620 652
621 644
622 624
622 636
622 638
622 647
622 648
623 626
623 629
623 1729
623 1754
623 1788
623 1799
623 1809
623 1893
623 1942
623 2011
624 636
624 638
624 642
624 645
624 647
624 648
625 643
625 650
626 629
627 639
627 641
627 651
627 652
628 633
628 634
628 635
628 637
628 644
628 646
630 649
631 632
631 639
631 641
631 651
631 652
632 639
632 641
632 652
633 634
633 635
633 644
633 646
634 635
634 644
635 644
635 646
636 638
636 642
636 645
636 647
636 648
637 644
638 645
638 647
638 648
639 641
639 651
641 652
642 645
642 648
643 650
644 646
645 648
647 648
653 757
653 875
654 662
654 828
654 895
654 930
654 960
654 1007
655 797
656 748
656 812
656 866
656 945
657 882
658 681
658 715
658 722
658 723
658 753
658 787
658 847
658 850
658 872
658 994
658 1030
659 660
659 944
659 987
659 1001
660 844
660 866
660 944
660 987
660 1001
661 805
661 879
661 920
661 1005
661 1028
663 886
663 889
663 995
663 1021
664 699
664 990
664 1000
664 1004
664 1020
665 684
665 781
665 784
665 833
665 980
666 768
667 730
667 765
667 779
667 838
667 895
667 952
667 964
667 1007
668 833
668 962
668 1011
669 674
669 733
669 792
669 879
669 918
669 974
669 1008
669 1040
670 750
670 803
670 901
670 963
670 1014
671 707
671 908
671 991
672 752
672 806
672 813
672 978
672 993
673 700
673 800
673 832
673 834
673 845
673 867
673 883
673 894
673 919
673 941
673 976
674 733
674 770
674 792
674 821
674 839
674 843
674 879
674 887
674 896
674 918
674 1008
674 1040
675 761
675 863
675 942
675 1036
675 1038
676 721
676 775
676 776
676 798
676 804
676 829
677 858
677 963
678 737
678 752
678 755
678 862
678 868
678 955
679 859
679 877
679 895
679 909
680 690
680 717
680 772
680 818
680 836
680 877
680 903
680 931
680 938
680 1015
681 715
681 722
681 723
681 753
681 787
681 811
681 847
681 994
682 694
682 710
682 760
682 780
682 794
682 857
682 898
682 1030
683 759
683 782
683 800
683 834
683 883
683 894
683 941
684 720
684 741
684 742
684 787
684 826
684 990
684 1015
685 733
685 748
685 792
685 801
685 820
685 879
685 974
685 1040
686 706
686 731
686 743
686 793
686 831
686 862
686 868
686 947
686 948
686 950
686 973
686 1036
687 696
687 798
687 824
687 899
688 717
688 738
688 828
688 870
688 903
688 930
688 1007
688 1013
688 1023
689 735
689 1034
690 698
690 767
690 781
690 835
690 881
690 915
690 1027
691 704
691 756
691 758
691 799
691 937
692 954
692 974
692 997
693 696
693 737
693 777
693 798
693 807
693 827
693 868
693 977
693 979
693 1003
694 710
694 760
694 780
694 794
694 857
694 898
694 916
694 1030
695 704
695 744
695 756
695 1012
696 798
696 824
696 829
697 780
697 802
697 980
698 864
698 878
698 951
698 953
698 970
698 1265
698 1310
698 1351
698 1382
698 1406
698 1421
698 1462
698 1511
698 1543
698 1555
698 1557
698 1573
698 1601
698 1618
699 718
699 774
699 780
699 833
699 915
699 938
699 962
699 970
700 832
700 845
700 867
700 883
700 919
700 934
700 941
700 976
700 992
701 893
701 945
701 1005
702 741
702 1021
703 840
703 909
704 756
704 758
704 799
704 884
704 937
704 948
704 981
704 1012
705 751
705 791
705 1031
706 743
706 793
706 862
706 948
706 950
707 908
708 738
708 844
708 951
708 965
709 719
709 851
709 968
709 988
710 760
710 780
710 794
710 857
710 898
710 1030
711 942
712 738
712 877
712 930
712 951
713 882
713 906
713 958
713 1016
713 1035
714 933
714 1031
715 722
715 753
715 787
715 809
715 811
715 847
715 994
716 749
716 774
717 818
717 828
717 836
717 870
717 903
717 930
717 959
717 960
717 1039
719 769
719 799
719 822
719 861
719 899
719 908
719 940
719 975
720 772
720 904
721 775
721 798
721 824
722 723
722 753
722 787
722 847
722 850
722 994
722 1030
722 1033
723 753
723 787
723 847
723 850
723 994
724 785
724 923
725 727
725 815
725 838
725 874
725 910
725 917
725 922
725 989
725 1006
725 1037
726 731
726 760
726 778
726 929
726 1001
726 1033
727 815
727 871
727 874
727 910
727 917
727 922
727 989
727 1006
727 1037
728 760
728 929
728 947
729 739
729 778
729 912
729 939
730 765
730 779
730 836
730 838
730 895
730 952
731 796
731 844
731 872
731 958
731 973
731 1033
732 735
732 1034
733 747
733 789
733 792
733 801
733 839
733 843
733 848
733 876
733 879
733 887
733 896
733 918
733 974
733 1008
733 1035
733 1040
734 973
735 1034
736 789
736 810
737 755
737 777
737 868
737 955
737 979
737 1003
737 1013
737 1036
738 828
738 836
738 1039
739 774
739 778
739 789
739 939
739 1020
739 1023
740 963
741 833
741 1011
742 749
742 774
742 781
742 784
742 826
742 865
742 938
742 969
742 999
742 1023
743 776
743 793
743 842
743 862
743 948
743 950
744 756
744 763
744 799
744 804
744 978
745 1031
746 776
746 940
746 948
747 770
747 843
747 908
747 1040
748 820
748 825
748 844
748 854
748 866
749 762
749 774
749 783
749 808
749 833
749 838
749 903
749 921
749 964
749 969
749 999
750 1014
751 791
751 1031
752 755
752 766
752 806
752 831
752 863
752 955
752 978
752 993
753 787
753 847
753 994
754 889
755 831
755 955
755 1013
756 758
756 804
756 937
756 981
756 993
756 1012
757 875
758 862
758 884
758 937
759 782
759 800
759 834
759 883
759 894
759 919
759 934
759 941
759 992
759 1032
760 780
760 794
760 815
760 857
760 898
760 916
760 1030
760 1033
761 829
761 950
761 1003
761 1024
761 1036
761 1038
762 833
762 878
763 799
763 829
763 830
763 948
763 993
764 863
764 913
764 942
765 779
765 808
765 828
765 838
765 859
765 865
765 895
765 903
765 924
765 952
765 964
765 1007
767 835
767 885
767 1020
767 1022
768 778
768 900
770 821
770 843
770 908
770 993
771 849
771 900
771 925
772 835
772 904
772 915
772 931
772 989
772 1020
773 926
773 958
773 971
773 1002
773 1035
774 781
774 811
774 833
774 850
774 864
774 865
774 881
774 915
774 938
774 969
774 980
774 1023
775 798
775 803
775 824
775 830
775 888
775 899
775 936
776 948
777 807
777 827
777 868
777 977
777 1036
778 823
778 852
778 878
778 890
778 939
778 1027
778 1039
778 1264
778 1354
778 1580
779 808
779 838
779 859
779 865
779 870
779 895
779 903
779 952
779 964
779 969
779 999
779 1007
780 794
780 857
780 867
780 872
780 898
780 938
780 1030
780 1033
781 864
781 881
781 938
781 980
781 999
781 1023
782 800
782 845
783 838
783 859
783 903
783 924
783 930
783 960
783 964
783 969
783 999
783 1023
784 852
784 922
784 1011
785 893
785 923
786 787
786 931
786 984
786 1010
786 1015
787 847
787 874
787 910
787 994
788 789
788 816
789 810
789 816
789 837
789 1020
790 802
790 828
790 924
790 1013
792 801
792 839
792 843
792 848
792 876
792 879
792 887
792 896
792 918
792 974
792 1008
792 1035
792 1040
793 862
793 948
793 950
793 973
793 1018
793 1024
794 857
794 898
794 916
794 1030
795 897
795 909
796 851
796 872
798 824
798 899
798 936
798 977
799 829
799 861
799 899
800 883
800 919
800 934
800 941
801 843
801 876
801 879
801 908
801 918
801 1008
801 1040
802 841
802 853
802 939
802 956
803 888
803 901
803 1014
804 868
804 991
805 879
805 901
805 920
805 1005
805 1014
805 1028
806 856
806 978
806 993
807 827
807 868
807 977
807 979
808 828
808 859
808 865
808 964
808 1007
809 811
811 847
813 821
813 978
814 889
815 871
815 874
815 917
815 922
815 989
815 1006
815 1037
816 908
816 1002
816 1040
817 967
818 828
818 836
818 870
818 877
818 903
818 924
818 930
818 960
818 965
818 1007
818 1023
818 1039
819 1029
820 882
820 927
820 932
820 997
821 993
822 851
822 863
822 975
822 993
823 852
823 890
824 830
824 899
824 955
825 844
825 928
826 904
827 868
827 972
827 977
827 979
828 836
828 865
828 870
828 895
828 903
828 924
828 930
828 960
828 964
828 965
828 1007
828 1023
829 830
829 981
829 993
830 936
831 862
831 948
831 955
832 867
832 976
832 992
832 998
833 915
833 917
833 938
833 962
833 999
833 1011
834 883
834 894
834 919
834 941
834 976
835 905
835 915
835 990
835 1020
835 1022
836 870
836 903
836 930
836 965
836 1023
838 859
838 865
838 895
838 903
838 952
838 964
838 999
838 1007
839 887
839 961
839 1040
840 909
841 844
842 946
842 950
843 848
843 876
843 879
843 887
843 896
843 918
843 974
843 1008
843 1040
844 854
844 866
845 894
845 934
845 941
846 976
846 1005
847 994
848 887
848 1040
849 925
850 980
850 994
851 908
851 1040
852 890
852 953
852 970
857 898
857 1030
858 963
859 865
859 870
859 895
859 952
859 964
859 999
859 1007
859 1023
860 878
860 931
861 899
861 936
861 975
861 991
861 1009
862 948
862 950
862 973
862 1038
863 942
863 1009
863 1036
864 873
864 925
864 951
864 980
864 990
864 1020
864 1027
864 1343
864 1422
864 1519
864 1646
864 1651
865 870
865 895
865 930
865 964
865 969
865 999
865 1007
865 1023
866 1001
867 976
867 1030
867 1033
868 979
868 1003
868 1036
869 946
870 895
870 903
870 930
870 960
870 964
870 965
870 1007
870 1023
871 874
871 910
871 917
871 922
871 989
871 1006
871 1021
872 920
873 909
873 925
873 990
873 1000
873 1004
873 1015
873 1020
873 1022
873 1027
874 910
874 917
874 922
874 989
874 1006
874 1037
876 879
876 908
876 1040
878 915
878 953
878 970
878 995
878 1421
878 1555
878 1573
878 1579
879 887
879 920
879 974
879 1005
879 1008
879 1028
880 943
881 980
882 906
882 946
882 957
882 1016
883 894
883 919
883 941
883 998
883 1032
884 1012
885 907
885 939
885 949
886 922
886 938
886 995
887 918
887 974
887 1008
887 1040
888 901
888 936
888 978
889 1026
891 901
891 963
891 1014
892 935
894 919
894 941
895 903
895 924
895 930
895 952
895 964
895 999
895 1007
896 918
896 926
896 940
896 971
896 974
896 1002
896 1028
896 1040
897 909
898 911
898 912
898 916
898 1030
899 936
899 993
901 1014
902 942
903 930
903 952
903 960
903 964
903 1007
903 1023
904 909
904 1023
906 958
906 1016
907 939
907 949
907 951
907 1015
908 940
908 972
908 974
908 991
909 1019
910 917
910 922
910 989
910 1006
910 1037
911 1030
912 939
912 951
912 1020
914 1021
915 953
915 1015
916 1030
916 1033
917 922
917 989
917 1006
917 1021
917 1037
918 926
918 971
918 974
918 1002
918 1040
919 941
919 976
920 1005
920 1008
920 1028
922 989
922 1006
922 1021
922 1037
924 952
924 953
924 964
924 969
924 999
924 1013
924 1023
925 1020
926 958
926 971
926 1002
926 1035
927 957
928 957
928 1025
929 947
929 1033
930 960
930 965
930 1023
931 1010
932 946
932 957
932 986
932 997
933 1031
934 992
934 998
937 1012
938 999
938 1004
938 1023
939 949
939 951
939 1039
939 1264
939 1275
939 1294
939 1313
939 1351
939 1396
939 1405
939 1406
939 1437
939 1596
939 1618
940 991
940 1028
942 1009
942 1036
943 983
944 987
944 1001
945 1005
946 957
946 986
946 997
948 950
948 993
948 1012
949 953
949 1039
950 973
950 1018
950 1024
951 980
951 990
951 1021
951 1027
952 964
952 968
952 1007
953 970
953 1013
953 1015
954 986
955 1013
956 982
957 986
957 997
957 1025
958 971
958 1002
960 1007
960 1013
962 1011
963 1014
964 969
964 999
964 1007
964 1023
966 985
966 1034
969 999
969 1007
969 1013
970 1265
970 1306
970 1462
970 1511
970 1543
971 1002
973 1036
973 1038
974 1008
974 1035
974 1040
975 1009
976 992
977 979
978 993
980 1020
980 1264
980 1313
980 1343
980 1353
980 1426
980 1533
980 1661
981 1012
984 1010
986 997
987 1001
989 1006
989 1027
989 1037
990 1004
990 1020
991 1009
991 1024
995 1021
996 1017
999 1013
999 1023
1000 1015
1000 1020
1003 1024
1003 1038
1004 1020
1005 1028
1006 1037
1008 1040
1010 1015
1013 1023
1020 1039
1024 1036
1035 1040
1036 1038
1041 1154
1041 1163
1041 1173
1041 1174
1041 1180
1041 1220
1041 1221
1042 1043
1042 1095
1042 1100
1042 1102
1042 1133
1042 1159
1042 1179
1042 1198
1042 1242
1043 1062
1043 1097
1043 1102
1043 1104
1043 1159
1043 1179
1043 1183
1043 1198
1043 1242
1044 1061
1044 1121
1044 1175
1044 1249
1045 1066
1046 1073
1046 1137
1046 1145
1047 1097
1047 1104
1047 1166
1047 1209
1047 1238
1047 1242
1048 1049
1048 1159
1048 1168
1048 1172
1048 1217
1048 1224
1049 1059
1049 1062
1049 1071
1049 1073
1049 1110
1049 1117
1049 1131
1049 1145
1049 1155
1049 1172
1049 1177
1049 1209
1049 1210
1049 1222
1049 1231
1049 1255
1050 1068
1050 1164
1050 1179
1051 1099
1051 1115
1051 1141
1051 1142
1051 1149
1051 1167
1051 1195
1051 1202
1051 1224
1052 1100
1052 1101
1052 1110
1052 1114
1052 1143
1053 1067
1054 1130
1054 1144
1054 1150
1054 1203
1054 1206
1054 1235
1054 1252
1055 1144
1055 1150
1055 1206
1055 1223
1056 1095
1056 1106
1056 1145
1056 1201
1056 1229
1056 1258
1057 1123
1057 1196
1057 1211
1057 1257
1058 1074
1058 1123
1058 1136
1058 1140
1058 1147
1058 1233
1059 1062
1059 1110
1059 1131
1059 1145
1059 1155
1059 1177
1059 1201
1059 1209
1059 1210
1059 1222
1060 1061
1060 1086
1060 1138
1060 1161
1060 1192
1060 1212
1060 1216
1061 1063
1061 1083
1061 1109
1061 1121
1061 1157
1061 1161
1061 1175
1061 1184
1061 1192
1061 1193
1061 1200
1061 1205
1061 1207
1061 1212
1061 1214
1061 1249
1061 1256
1062 1101
1062 1110
1062 1131
1062 1145
1062 1155
1062 1178
1062 1209
1062 1210
1062 1222
1062 1255
1063 1109
1063 1121
1063 1135
1063 1157
1063 1161
1063 1175
1063 1184
1063 1193
1063 1200
1063 1205
1063 1212
1063 1249
1063 1256
1064 1069
1064 1232
1064 1240
1065 1095
1065 1101
1065 1179
1065 1198
1068 1101
1068 1102
1068 1164
1069 1075
1069 1158
1069 1181
1069 1232
1070 1128
1070 1151
1070 1192
1070 1241
1071 1073
1071 1087
1071 1117
1071 1118
1071 1156
1071 1159
1071 1179
1071 1201
1071 1238
1071 1250
1072 1075
1072 1097
1072 1102
1072 1119
1072 1158
1072 1181
1072 1189
1073 1085
1073 1087
1073 1118
1073 1176
1073 1246
1073 1247
1073 1250
1074 1123
1074 1140
1074 1146
1074 1147
1074 1196
1074 1233
1074 1245
1075 1158
1075 1160
1075 1199
1075 1252
1076 1146
1076 1185
1076 1197
1077 1086
1077 1226
1077 1240
1078 1188
1079 1094
1079 1160
1079 1194
1079 1230
1079 1246
1079 1251
1080 1122
1080 1220
1081 1213
1081 1215
1082 1102
1082 1137
1082 1235
1082 1255
1083 1109
1083 1121
1083 1135
1083 1157
1083 1161
1083 1175
1083 1184
1083 1193
1083 1200
1083 1205
1083 1212
1083 1214
1083 1249
1083 1256
1084 1117
1084 1143
1084 1246
1084 1258
1085 1087
1085 1097
1085 1101
1085 1176
1085 1179
1085 1224
1085 1235
1085 1255
1086 1101
1086 1116
1086 1118
1086 1140
1086 1159
1086 1217
1086 1233
1086 1240
1086 1245
1087 1176
1087 1235
1087 1246
1087 1247
1087 1250
1088 1107
1088 1130
1088 1144
1088 1150
1088 1206
1088 1223
1089 1187
1089 1202
1089 1234
1090 1118
1090 1127
1090 1165
1091 1094
1091 1124
1091 1194
1091 1230
1092 1097
1092 1129
1092 1137
1092 1160
1092 1166
1092 1235
1093 1108
1093 1181
1093 1189
1094 1124
1094 1190
1094 1194
1094 1228
1094 1230
1094 1246
1095 1096
1095 1102
1095 1104
1095 1137
1095 1179
1096 1179
1096 1201
1096 1230
1096 1235
1096 1247
1096 1255
1097 1102
1097 1104
1097 1114
1097 1137
1097 1178
1097 1179
1097 1217
1097 1238
1097 1242
1097 1250
1098 1102
1098 1104
1098 1118
1098 1159
1098 1247
1099 1120
1099 1141
1099 1142
1099 1167
1100 1101
1100 1104
1100 1105
1100 1110
1100 1114
1100 1117
1100 1159
1100 1178
1100 1183
1100 1198
1101 1131
1101 1164
1101 1168
1101 1172
1101 1178
1102 1104
1102 1105
1102 1110
1102 1118
1102 1133
1102 1159
1102 1166
1102 1172
1102 1179
1102 1183
1102 1198
1102 1238
1102 1242
1103 1201
1103 1217
1104 1129
1104 1133
1104 1137
1104 1159
1104 1166
1104 1178
1104 1179
1104 1198
1104 1238
1104 1242
1105 1110
1105 1129
1105 1159
1105 1178
1105 1224
1106 1178
1107 1144
1107 1206
1107 1223
1108 1181
1109 1121
1109 1135
1109 1157
1109 1161
1109 1175
1109 1184
1109 1193
1109 1200
1109 1205
1109 1207
1109 1212
1109 1249
1109 1256
1110 1131
1110 1133
1110 1137
1110 1145
1110 1155
1110 1159
1110 1164
1110 1177
1110 1178
1110 1179
1110 1209
1110 1210
1110 1222
1110 1224
1111 1145
1112 1134
1113 1156
1113 1158
1114 1164
1114 1168
1114 1178
1114 1179
1114 1209
1114 1231
1114 1242
1114 1255
1114 1258
1115 1195
1115 1202
1116 1143
1116 1233
1117 1156
1117 1168
1117 1209
1117 1258
1118 1137
1118 1159
1118 1198
1118 1224
1119 1181
1119 1189
1121 1135
1121 1157
1121 1161
1121 1184
1121 1193
1121 1200
1121 1205
1121 1212
1121 1214
1121 1249
1121 1256
1122 1220
1123 1125
1123 1136
1123 1140
1123 1146
1123 1147
1123 1196
1123 1213
1124 1169
1124 1182
1124 1190
1124 1194
1124 1224
1124 1228
1124 1230
1124 1247
1126 1139
1126 1222
1126 1230
1127 1165
1128 1151
1128 1241
1129 1133
1129 1137
1129 1159
1129 1166
1129 1198
1129 1231
1130 1144
1130 1150
1130 1206
1130 1223
1131 1145
1131 1155
1131 1178
1131 1209
1131 1210
1131 1222
1131 1255
1132 1230
1133 1247
1133 1255
1135 1157
1135 1196
1135 1200
1135 1205
1135 1256
1136 1140
1136 1147
1137 1159
1137 1179
1138 1162
1138 1227
1139 1186
1139 1219
1139 1230
1139 1248
1140 1147
1140 1233
1141 1229
1141 1254
1142 1153
1142 1167
1142 1187
1142 1202
1142 1224
1143 1164
1143 1168
1143 1201
1143 1209
1143 1258
1144 1150
1144 1206
1144 1223
1145 1155
1145 1177
1145 1209
1145 1210
1145 1222
1146 1162
1146 1171
1147 1196
1148 1229
1149 1202
1149 1244
1150 1206
1150 1223
1150 1235
1152 1237
1153 1224
1153 1229
1154 1163
1154 1173
1154 1174
1154 1180
1154 1221
1155 1177
1155 1201
1155 1209
1155 1210
1155 1222
1155 1224
1156 1166
1156 1176
1156 1238
1157 1161
1157 1175
1157 1184
1157 1193
1157 1205
1157 1207
1157 1214
1157 1249
1157 1256
1158 1159
1158 1240
1159 1179
1159 1198
1159 1199
1160 1176
1160 1194
1160 1199
1160 1224
1160 1231
1160 1247
1160 1250
1160 1251
1160 1255
1161 1175
1161 1184
1161 1193
1161 1200
1161 1205
1161 1207
1161 1212
1161 1214
1161 1249
1161 1256
1162 1227
1163 1173
1163 1174
1163 1180
1163 1221
1163 1254
1164 1231
1164 1242
1167 1202
1168 1179
1168 1258
1169 1190
1169 1228
1169 1230
1170 1199
1173 1174
1173 1180
1173 1221
1174 1180
1174 1221
1175 1184
1175 1193
1175 1200
1175 1205
1175 1212
1175 1214
1175 1249
1175 1256
1176 1246
1177 1178
1177 1209
1177 1210
1177 1222
1177 1247
1178 1179
1178 1242
1179 1183
1179 1198
1179 1235
1179 1238
1179 1242
1179 1250
1179 1258
1180 1221
1181 1189
1181 1252
1182 1191
1182 1230
1183 1198
1183 1242
1183 1255
1184 1193
1184 1205
1184 1207
1184 1212
1184 1249
1184 1256
1185 1197
1186 1219
1186 1230
1187 1205
1190 1194
1190 1219
1190 1228
1190 1230
1190 1248
1191 1230
1192 1207
1192 1218
1192 1241
1192 1249
1192 1253
1193 1205
1193 1207
1193 1212
1193 1214
1193 1249
1193 1256
1194 1228
1194 1230
1194 1246
1194 1251
1196 1211
1196 1257
1197 1227
1198 1242
1199 1225
1200 1256
1201 1209
1201 1217
1201 1235
1201 1238
1201 1239
1201 1250
1201 1255
1202 1224
1203 1223
1204 1218
1204 1243
1205 1207
1205 1212
1205 1214
1205 1249
1205 1256
1206 1223
1207 1212
1207 1214
1207 1249
1207 1256
1208 1254
1209 1210
1209 1222
1209 1255
1210 1222
1211 1257
1212 1249
1212 1256
1213 1215
1214 1227
1214 1249
1214 1256
1217 1233
1217 1245
1218 1243
1219 1230
1219 1248
1221 1229
1221 1236
1223 1235
1224 1229
1224 1252
1228 1230
1229 1254
1230 1246
1230 1247
1230 1248
1230 1251
1231 1247
1231 1258
1232 1240
1233 1245
1235 1238
1235 1242
1238 1242
1238 1250
1246 1247
1246 1251
1246 1258
1247 1250
1249 1256
1250 1255
1259 1288
1259 1295
1259 1297
1259 1325
1259 1370
1259 1386
1259 1393
1259 1425
1259 1492
1259 1496
1259 1547
1259 1548
1259 1583
1259 1657
1259 1659
1260 1272
1260 1289
1260 1312
1260 1323
1260 1363
1260 1371
1260 1376
1260 1459
1260 1481
1260 1537
1260 1553
1260 1602
1260 1611
1261 1279
1261 1283
1261 1315
1261 1359
1261 1380
1261 1387
1261 1414
1261 1423
1261 1429
1261 1440
1261 1576
1261 1588
1261 1590
1261 1592
1261 1595
1261 1599
1261 1631
1261 1653
1262 1292
1262 1352
1262 1416
1262 1477
1263 1311
1263 1409
1263 1526
1263 1648
1263 1662
1264 1271
1264 1313
1264 1399
1264 1422
1264 1437
1264 1482
1264 1626
1264 1651
1265 1310
1265 1462
1265 1511
1265 1543
1266 1274
1266 1303
1266 1320
1266 1394
1266 1446
1266 1469
1266 1604
1267 1281
1267 1303
1267 1320
1267 1331
1267 1563
1268 1413
1268 1465
1268 1474
1268 1574
1268 1643
1269 1282
1269 1472
1269 1523
1269 1540
1269 1561
1269 1564
1269 1606
1269 1642
1270 1367
1270 1443
1270 1527
1270 1535
1271 1275
1271 1294
1271 1313
1271 1396
1271 1533
1271 1601
1272 1293
1272 1301
1272 1309
1272 1312
1272 1323
1272 1335
1272 1360
1272 1365
1272 1371
1272 1381
1272 1446
1272 1481
1272 1553
1272 1571
1272 1611
1272 1632
1273 1328
1273 1451
1275 1313
1275 1334
1275 1351
1275 1396
1275 1410
1275 1437
1275 1470
1275 1505
1275 1573
1275 1589
1275 1596
1275 1618
1276 1420
1277 1278
1277 1301
1277 1323
1277 1349
1277 1377
1277 1403
1277 1522
1277 1554
1277 1556
1277 1557
1277 1571
1278 1349
1278 1377
1278 1403
1278 1416
1278 1522
1278 1554
1278 1556
1278 1571
1278 1581
1278 1624
1279 1283
1279 1414
1279 1423
1279 1429
1279 1440
1279 1576
1279 1588
1279 1590
1279 1595
1279 1599
1279 1631
1280 1287
1280 1323
1280 1327
1280 1341
1280 1342
1280 1347
1280 1369
1280 1413
1280 1468
1280 1557
1280 1601
1280 1624
1280 1660
1281 1331
1281 1563
1282 1304
1282 1374
1282 1412
1282 1523
1282 1537
1282 1550
1282 1571
1282 1598
1282 1606
1282 1609
1283 1359
1283 1380
1283 1387
1283 1414
1283 1423
1283 1429
1283 1440
1283 1576
1283 1588
1283 1590
1283 1592
1283 1595
1283 1599
1283 1631
1283 1653
1285 1526
1286 1405
1286 1413
1286 1418
1286 1494
1287 1301
1287 1330
1287 1342
1287 1444
1287 1495
1287 1519
1287 1537
1287 1586
1288 1317
1288 1338
1288 1340
1288 1370
1288 1425
1288 1480
1288 1492
1288 1583
1289 1291
1289 1293
1289 1322
1289 1353
1289 1355
1289 1399
1289 1407
1289 1441
1289 1577
1290 1433
1290 1439
1290 1482
1290 1518
1290 1544
1290 1552
1290 1577
1290 1622
1290 1646
1290 1651
1291 1426
1292 1352
1292 1416
1292 1477
1293 1360
1293 1441
1293 1538
1293 1632
1294 1347
1294 1396
1294 1399
1295 1361
1295 1370
1295 1393
1295 1425
1295 1457
1295 1496
1295 1547
1295 1548
1295 1636
1296 1330
1296 1447
1296 1458
1296 1495
1296 1519
1296 1533
1296 1625
1297 1350
1297 1428
1297 1432
1297 1548
1298 1395
1298 1401
1298 1493
1298 1520
1298 1521
1298 1559
1298 1623
1299 1331
1299 1342
1299 1563
1300 1308
1300 1310
1300 1326
1300 1339
1300 1347
1300 1360
1300 1369
1300 1399
1300 1462
1300 1486
1300 1506
1300 1512
1300 1522
1300 1560
1300 1596
1300 1608
1300 1610
1301 1348
1301 1365
1301 1472
1301 1516
1301 1554
1301 1561
1301 1586
1301 1650
1302 1318
1302 1360
1302 1557
1303 1320
1303 1366
1303 1389
1303 1508
1303 1570
1304 1355
1304 1356
1304 1412
1304 1459
1304 1469
1304 1470
1304 1570
1304 1581
1304 1600
1304 1629
1304 1646
1304 1649
1304 1651
1306 1312
1306 1353
1306 1364
1306 1505
1307 1357
1307 1358
1307 1459
1307 1516
1307 1591
1308 1342
1308 1347
1308 1416
1309 1342
1309 1349
1309 1360
1309 1415
1309 1453
1309 1480
1309 1531
1309 1551
1309 1578
1309 1632
1310 1326
1310 1343
1310 1462
1310 1543
1310 1661
1311 1409
1311 1526
1311 1551
1311 1578
1311 1582
1311 1593
1311 1635
1311 1648
1312 1363
1312 1542
1312 1557
1312 1571
1312 1574
1312 1602
1312 1630
1313 1351
1313 1396
1313 1399
1313 1406
1313 1426
1313 1437
1313 1543
1313 1573
1313 1596
1313 1608
1313 1618
1314 1329
1314 1350
1314 1647
1315 1387
1315 1414
1315 1592
1315 1595
1316 1343
1316 1397
1316 1502
1316 1553
1316 1572
1316 1645
1317 1325
1317 1338
1317 1425
1317 1492
1317 1496
1317 1583
1318 1360
1318 1363
1318 1373
1318 1390
1318 1412
1318 1542
1318 1557
1318 1632
1318 1634
1318 1654
1319 1346
1319 1461
1319 1471
1319 1490
1319 1500
1320 1366
1320 1389
1320 1408
1320 1416
1320 1434
1320 1446
1320 1522
1320 1570
1321 1375
1321 1483
1321 1497
1321 1539
1321 1569
1322 1355
1322 1469
1322 1470
1322 1577
1322 1614
1322 1651
1323 1343
1323 1369
1323 1371
1323 1426
1323 1481
1323 1537
1323 1561
1323 1571
1323 1602
1323 1611
1323 1645
1324 1569
1325 1338
1325 1370
1325 1386
1325 1425
1325 1457
1325 1464
1325 1492
1325 1548
1325 1583
1325 1657
1326 1335
1326 1343
1326 1369
1326 1532
1327 1342
1327 1347
1327 1365
1327 1378
1327 1424
1327 1476
1328 1451
1329 1350
1330 1343
1330 1358
1330 1458
1330 1459
1330 1485
1330 1495
1330 1501
1330 1519
1330 1537
1330 1560
1330 1586
1330 1625
1331 1366
1331 1434
1331 1563
1332 1375
1332 1460
1332 1483
1332 1487
1332 1530
1332 1541
1332 1613
1333 1450
1333 1513
1333 1542
1335 1343
1335 1369
1335 1381
1335 1458
1335 1488
1335 1495
1335 1519
1335 1537
1335 1630
1335 1650
1336 1360
1336 1431
1336 1628
1337 1398
1337 1430
1337 1435
1337 1442
1337 1448
1337 1486
1338 1361
1338 1386
1338 1425
1338 1473
1338 1492
1338 1548
1338 1583
1338 1638
1338 1657
1339 1486
1340 1361
1340 1449
1340 1473
1340 1548
1340 1567
1340 1594
1340 1603
1340 1633
1340 1638
1342 1347
1342 1364
1342 1453
1342 1558
1342 1570
1342 1637
1342 1652
1343 1347
1343 1354
1343 1369
1343 1382
1343 1422
1343 1426
1343 1515
1343 1519
1343 1637
1343 1645
1345 1364
1345 1564
1346 1461
1346 1471
1346 1490
1347 1381
1347 1468
1347 1572
1348 1501
1348 1525
1348 1542
1348 1579
1348 1585
1348 1586
1348 1601
1348 1609
1348 1652
1349 1377
1349 1403
1349 1416
1349 1524
1349 1554
1349 1556
1349 1571
1349 1581
1350 1647
1351 1357
1351 1406
1351 1437
1351 1511
1351 1543
1351 1573
1351 1618
1352 1416
1352 1477
1353 1365
1353 1376
1353 1407
1353 1472
1353 1505
1353 1660
1354 1426
1354 1512
1354 1537
1354 1608
1354 1618
1355 1469
1355 1470
1355 1518
1355 1552
1355 1577
1355 1604
1355 1614
1356 1433
1356 1596
1356 1629
1357 1358
1357 1459
1357 1488
1357 1591
1357 1600
1357 1637
1358 1363
1358 1444
1358 1445
1358 1459
1358 1488
1358 1515
1358 1534
1358 1571
1358 1572
1358 1591
1359 1423
1359 1518
1359 1576
1359 1595
1359 1599
1359 1653
1360 1363
1360 1373
1360 1390
1360 1392
1360 1412
1360 1506
1360 1524
1360 1542
1360 1557
1360 1632
1360 1652
1360 1654
1361 1449
1361 1473
1361 1548
1361 1567
1361 1594
1361 1638
1362 1438
1363 1373
1363 1392
1363 1412
1363 1445
1363 1474
1363 1515
1363 1524
1363 1534
1363 1542
1363 1557
1363 1561
1363 1632
1363 1634
1363 1654
1363 1660
1364 1397
1364 1450
1364 1505
1364 1550
1364 1564
1364 1641
1365 1379
1365 1472
1365 1499
1365 1537
1366 1389
1366 1522
1367 1443
1367 1453
1367 1463
1367 1484
1367 1517
1367 1535
1367 1562
1367 1612
1368 1371
1368 1374
1368 1419
1368 1499
1368 1516
1368 1586
1368 1609
1369 1378
1369 1494
1369 1501
1369 1519
1369 1532
1369 1585
1369 1643
1370 1386
1370 1425
1370 1480
1370 1492
1370 1496
1370 1547
1370 1548
1370 1583
1370 1636
1370 1638
1370 1659
1371 1376
1371 1426
1371 1481
1371 1553
1371 1602
1371 1611
1372 1530
1373 1387
1373 1392
1373 1399
1373 1472
1373 1557
1373 1571
1373 1632
1373 1642
1374 1376
1374 1431
1374 1472
1374 1609
1375 1460
1375 1487
1375 1497
1375 1530
1375 1539
1375 1541
1375 1569
1375 1613
1376 1481
1376 1538
1376 1553
1376 1602
1376 1611
1376 1624
1377 1403
1377 1433
1377 1441
1377 1522
1377 1554
1377 1556
1377 1571
1377 1617
1378 1499
1378 1585
1379 1499
1379 1558
1380 1387
1380 1414
1380 1423
1380 1429
1380 1440
1380 1576
1380 1588
1380 1590
1380 1592
1380 1595
1380 1599
1380 1631
1380 1653
1381 1421
1381 1462
1381 1488
1382 1455
1382 1544
1382 1573
1383 1456
1383 1546
1383 1635
1384 1580
1385 1410
1385 1437
1385 1467
1385 1475
1385 1489
1385 1491
1385 1589
1385 1597
1385 1605
1386 1425
1386 1492
1386 1548
1386 1583
1387 1414
1387 1423
1387 1429
1387 1440
1387 1504
1387 1571
1387 1588
1387 1590
1387 1592
1387 1595
1387 1599
1387 1631
1387 1653
1388 1526
1388 1551
1389 1403
1389 1434
1389 1519
1389 1577
1389 1649
1389 1651
1390 1507
1390 1625
1390 1634
1390 1661
1391 1540
1391 1616
1392 1557
1392 1654
1393 1496
1393 1547
1393 1636
1394 1614
1395 1401
1395 1493
1395 1520
1395 1521
1395 1559
1396 1437
1397 1450
1397 1513
1397 1516
1397 1550
1397 1564
1398 1448
1399 1577
1399 1581
1400 1607
1400 1627
1400 1640
1400 1641
1400 1655
1400 1656
1400 1658
1401 1493
1401 1520
1401 1521
1401 1559
1401 1623
1402 1404
1402 1410
1402 1430
1402 1435
1402 1437
1402 1442
1402 1448
1402 1466
1402 1467
1402 1620
1403 1416
1403 1472
1403 1515
1403 1522
1403 1554
1403 1556
1403 1571
1403 1621
1404 1410
1404 1430
1404 1435
1404 1437
1404 1442
1404 1466
1404 1467
1405 1418
1405 1419
1405 1579
1405 1609
1405 1610
1406 1437
1406 1469
1406 1618
1407 1642
1408 1416
1408 1570
1409 1526
1409 1593
1409 1648
1409 1662
1410 1430
1410 1435
1410 1437
1410 1442
1410 1448
1410 1466
1410 1467
1410 1475
1410 1489
1410 1491
1410 1504
1410 1589
1410 1597
1410 1605
1411 1457
1412 1524
1412 1538
1412 1542
1412 1557
1412 1574
1412 1632
1413 1418
1413 1465
1413 1474
1413 1560
1413 1587
1414 1423
1414 1429
1414 1440
1414 1576
1414 1588
1414 1592
1414 1595
1414 1599
1414 1631
1414 1653
1415 1420
1415 1546
1415 1578
1415 1582
1416 1477
1416 1554
1416 1570
1416 1624
1417 1454
1418 1426
1418 1462
1418 1506
1418 1579
1418 1600
1418 1625
1419 1501
1419 1553
1419 1601
1420 1478
1421 1509
1421 1610
1423 1440
1423 1576
1423 1588
1423 1590
1423 1592
1423 1595
1423 1599
1423 1631
1423 1653
1424 1483
1425 1457
1425 1464
1425 1473
1425 1492
1425 1496
1425 1548
1425 1583
1425 1636
1425 1659
1426 1474
1426 1608
1426 1645
1427 1568
1428 1454
1428 1492
1429 1440
1429 1576
1429 1588
1429 1592
1429 1595
1429 1599
1429 1631
1429 1653
1430 1435
1430 1437
1430 1442
1430 1448
1430 1466
1430 1467
1430 1475
1430 1491
1430 1504
1430 1620
1431 1525
1431 1544
1431 1628
1432 1510
1433 1439
1433 1552
1434 1465
1434 1514
1434 1570
1435 1442
1435 1466
1435 1474
1435 1504
1435 1620
1436 1506
1437 1467
1437 1475
1437 1491
1437 1543
1437 1589
1437 1618
1439 1552
1439 1622
1439 1651
1440 1576
1440 1588
1440 1592
1440 1595
1440 1599
1440 1631
1440 1653
1441 1484
1441 1574
1442 1448
1442 1504
1443 1453
1443 1484
1443 1517
1443 1527
1443 1535
1443 1562
1443 1612
1444 1602
1444 1624
1445 1472
1445 1499
1445 1515
1445 1534
1445 1568
1446 1482
1446 1557
1446 1561
1446 1586
1446 1606
1447 1494
1447 1508
1447 1545
1447 1601
1448 1466
1448 1504
1448 1620
1449 1473
1449 1548
1449 1638
1450 1513
1450 1550
1450 1561
1450 1564
1452 1529
1452 1545
1452 1628
1453 1463
1453 1527
1453 1535
1453 1600
1453 1612
1454 1480
1454 1551
1454 1657
1455 1479
1455 1485
1455 1557
1455 1615
1457 1464
1457 1567
1457 1583
1458 1495
1458 1519
1458 1534
1458 1572
1458 1625
1458 1660
1459 1515
1459 1591
1460 1483
1460 1487
1460 1497
1460 1530
1460 1539
1460 1541
1460 1613
1461 1471
1461 1490
1461 1500
1462 1465
1462 1511
1462 1543
1462 1573
1462 1661
1463 1535
1463 1612
1464 1583
1465 1474
1465 1565
1465 1587
1465 1639
1465 1643
1466 1504
1466 1620
1467 1475
1467 1489
1467 1491
1467 1504
1467 1597
1467 1605
1468 1506
1468 1511
1468 1523
1469 1518
1469 1649
1470 1476
1470 1604
1471 1490
1471 1500
1472 1598
1472 1615
1473 1548
1473 1567
1473 1594
1473 1603
1473 1633
1473 1635
1473 1638
1474 1495
1474 1534
1474 1561
1474 1565
1474 1587
1474 1609
1474 1639
1474 1643
1475 1489
1475 1491
1475 1597
1476 1534
1478 1551
1479 1515
1479 1615
1479 1630
1480 1496
1480 1498
1480 1503
1480 1636
1481 1553
1481 1602
1481 1611
1482 1518
1482 1552
1482 1577
1482 1617
1482 1622
1482 1646
1482 1651
1483 1487
1483 1497
1483 1530
1483 1541
1483 1559
1483 1613
1484 1562
1484 1649
1485 1495
1485 1519
1485 1625
1485 1652
1487 1497
1487 1530
1487 1541
1487 1613
1488 1516
1488 1533
1488 1538
1488 1591
1488 1630
1488 1637
1488 1650
1489 1491
1489 1597
1489 1605
1490 1500
1491 1597
1491 1605
1492 1583
1493 1520
1493 1521
1493 1559
1493 1623
1494 1570
1495 1519
1495 1534
1495 1537
1495 1574
1495 1586
1495 1625
1496 1503
1496 1547
1496 1548
1496 1583
1496 1636
1496 1657
1496 1659
1497 1530
1497 1539
1497 1541
1497 1569
1497 1613
1498 1503
1499 1549
1499 1601
1499 1660
1501 1538
1501 1553
1501 1560
1501 1585
1502 1591
1502 1600
1502 1645
1502 1660
1503 1547
1503 1636
1503 1657
1504 1620
1505 1564
1506 1601
1506 1660
1507 1643
1508 1522
1509 1518
1509 1545
1509 1555
1512 1610
1513 1536
1513 1550
1514 1537
1514 1628
1515 1534
1515 1591
1515 1642
1515 1660
1516 1536
1516 1542
1516 1650
1516 1660
1517 1527
1518 1544
1518 1545
1518 1552
1518 1577
1518 1614
1518 1651
1519 1534
1519 1537
1519 1586
1519 1615
1519 1625
1519 1649
1520 1521
1520 1559
1520 1623
1521 1559
1521 1623
1522 1556
1523 1561
1523 1649
1524 1542
1524 1557
1524 1571
1524 1609
1524 1632
1526 1582
1526 1593
1526 1648
1527 1535
1527 1562
1528 1539
1529 1561
1529 1606
1529 1616
1530 1539
1530 1541
1530 1613
1532 1534
1532 1536
1532 1571
1532 1652
1533 1553
1533 1555
1533 1572
1533 1573
1533 1610
1534 1660
1535 1562
1536 1649
1537 1538
1537 1602
1537 1625
1537 1660
1538 1586
1541 1613
1542 1557
1542 1558
1542 1571
1542 1632
1542 1634
1543 1555
1543 1573
1543 1608
1544 1552
1544 1554
1544 1577
1544 1622
1544 1646
1544 1651
1545 1575
1545 1601
1546 1567
1547 1548
1547 1583
1547 1636
1548 1567
1548 1594
1548 1636
1548 1638
1550 1564
1550 1617
1551 1578
1551 1593
1551 1635
1552 1577
1552 1622
1552 1646
1552 1651
1553 1602
1554 1556
1555 1573
1556 1571
1557 1632
1557 1634
1557 1654
1557 1660
1558 1652
1559 1623
1560 1610
1560 1645
1561 1572
1561 1606
1561 1630
1561 1642
1562 1581
1564 1606
1564 1616
1564 1641
1564 1642
1565 1587
1565 1639
1565 1643
1566 1644
1570 1624
1571 1581
1571 1595
1571 1617
1572 1608
1572 1610
1573 1618
1574 1584
1574 1600
1574 1625
1574 1661
1575 1619
1575 1628
1576 1588
1576 1592
1576 1595
1576 1599
1576 1631
1576 1653
1577 1614
1577 1622
1577 1646
1577 1651
1578 1648
1579 1609
1581 1609
1582 1593
1582 1603
1583 1636
1583 1659
1584 1625
1586 1609
1586 1625
1587 1639
1587 1643
1588 1590
1588 1592
1588 1595
1588 1599
1588 1631
1588 1653
1590 1595
1590 1599
1590 1631
1591 1637
1592 1595
1592 1599
1592 1631
1592 1653
1594 1638
1595 1599
1595 1631
1595 1653
1596 1637
1597 1605
1599 1631
1599 1632
1599 1653
1600 1637
1601 1610
1602 1611
1602 1645
1602 1660
1603 1633
1603 1638
1607 1627
1607 1640
1607 1641
1607 1655
1607 1656
1609 1617
1619 1628
1622 1646
1622 1651
1627 1640
1627 1641
1627 1655
1627 1656
1631 1653
1633 1638
1635 1638
1636 1657
1636 1659
1639 1643
1640 1641
1640 1655
1640 1656
1641 1655
1641 1656
1646 1651
1655 1656
1663 1697
1663 1707
1663 1729
1663 1732
1663 1740
1663 1868
1663 1924
1663 1946
1664 1726
1664 1805
1664 1823
1664 1831
1664 1874
1664 1888
1664 1956
1664 2061
1665 1792
1665 1872
1665 1877
1665 1921
1665 1943
1665 1960
1665 2022
1666 1743
1666 1745
1666 1750
1666 1844
1666 2073
1667 1678
1667 1682
1667 1684
1667 1687
1667 1757
1667 1780
1667 1816
1667 1819
1667 1829
1667 1905
1667 1918
1667 2000
1667 2042
1667 2048
1667 2065
1667 2079
1667 2091
1668 1909
1668 1994
1668 2001
1668 2038
1669 1745
1669 1815
1669 1896
1669 1910
1669 1973
1669 2008
1670 1706
1670 1738
1670 1750
1670 1753
1670 1778
1670 1782
1670 1812
1670 1844
1670 1968
1670 2003
1671 1778
1671 1812
1671 1858
1671 1860
1671 2030
1672 1712
1672 1826
1672 1900
1672 2046
1673 1680
1673 1773
1673 1795
1673 1840
1673 2027
1674 1751
1674 1809
1674 1826
1674 1854
1674 1868
1674 1938
1674 1942
1674 2001
1674 2017
1675 1877
1675 1980
1675 2071
1676 1686
1676 1709
1676 1770
1676 1827
1676 1832
1676 1883
1676 1890
1676 1891
1676 1953
1676 1975
1676 2037
1676 2089
1677 1687
1677 1741
1677 1766
1677 1803
1677 1829
1677 1927
1677 1933
1677 1966
1677 1977
1678 1682
1678 1684
1678 1687
1678 1692
1678 1727
1678 1793
1678 1794
1678 1816
1678 1819
1678 1897
1678 1918
1678 1925
1678 1931
1678 1948
1678 2018
1678 2048
1678 2060
1678 2065
1678 2079
1678 2091
1679 1761
1679 1980
1679 2063
1680 1761
1680 1926
1680 2027
1680 2063
1681 1703
1681 1758
1681 1770
1681 1787
1681 1879
1681 1886
1681 1975
1681 2001
1681 2042
1681 2060
1682 1684
1682 1687
1682 1692
1682 1723
1682 1757
1682 1781
1682 1793
1682 1794
1682 1801
1682 1816
1682 1819
1682 1850
1682 1895
1682 1897
1682 1905
1682 1925
1682 1928
1682 1940
1682 1976
1682 2031
1682 2048
1682 2079
1683 1693
1683 1730
1683 1771
1683 1777
1683 1855
1683 1876
1683 1881
1683 1922
1683 1923
1683 1937
1683 1984
1683 1985
1683 2051
1683 2080
1683 2093
1684 1687
1684 1723
1684 1757
1684 1781
1684 1794
1684 1819
1684 1834
1684 1850
1684 1897
1684 1905
1684 1925
1684 1946
1684 1974
1684 2018
1684 2048
1684 2065
1684 2079
1684 2091
1685 1740
1686 1734
1686 1739
1686 1741
1686 1742
1686 1793
1686 1810
1686 1811
1686 1829
1686 1890
1686 1928
1686 1940
1686 1976
1686 2006
1686 2015
1686 2018
1686 2058
1686 2079
1687 1692
1687 1723
1687 1757
1687 1763
1687 1816
1687 1819
1687 1850
1687 1897
1687 1905
1687 1918
1687 1925
1687 1928
1687 1977
1687 2018
1687 2048
1687 2058
1687 2079
1687 2091
1688 1731
1688 1882
1688 1919
1688 1930
1688 1932
1688 1936
1688 1941
1688 1955
1688 2014
1689 1701
1689 1702
1689 1735
1689 1748
1689 1990
1689 1996
1689 2067
1690 1699
1690 1719
1690 1721
1690 1735
1690 1791
1690 1828
1690 1862
1690 1873
1690 1987
1690 1995
1691 1745
1691 1747
1691 1769
1691 1790
1691 1815
1691 1896
1691 1906
1691 1910
1691 1973
1691 1999
1691 2008
1691 2010
1691 2012
1691 2028
1691 2045
1691 2050
1692 1757
1692 1794
1692 1816
1692 1819
1692 1905
1692 1925
1692 1928
1692 1976
1692 2048
1692 2079
1692 2088
1693 1730
1693 1777
1693 1855
1693 1876
1693 1881
1693 1922
1693 1923
1693 1937
1693 1964
1693 1984
1693 1985
1693 2080
1693 2093
1694 1767
1694 1822
1694 1992
1695 1715
1695 1783
1695 1797
1695 1837
1695 1871
1695 1914
1695 1929
1695 1939
1695 1945
1695 1952
1695 1964
1695 2053
1695 2062
1695 2083
1695 2086
1695 2088
1696 1698
1696 1728
1696 1733
1696 1764
1696 1779
1696 1789
1696 1802
1696 1824
1696 1833
1696 1870
1696 2020
1696 2034
1696 2052
1697 1707
1697 1849
1697 1868
1697 1956
1698 1728
1698 1764
1698 1779
1698 1789
1698 1802
1698 1824
1698 1833
1698 1870
1698 2020
1698 2034
1698 2052
1699 1719
1699 1721
1699 1791
1699 1828
1699 1862
1699 1873
1699 1981
1699 1995
1699 2036
1700 1714
1700 1734
1700 1866
1700 1895
1700 1920
1700 1974
1700 2015
1700 2031
1700 2065
1701 1971
1701 1980
1701 2067
1702 1761
1702 1814
1702 1859
1702 1971
1702 1990
1703 1709
1703 1722
1703 1770
1703 1772
1703 1787
1703 1879
1703 1883
1703 1886
1703 1959
1703 1975
1703 1998
1703 2009
1703 2042
1703 2089
1703 2094
1704 1711
1704 1718
1704 1737
1704 1755
1704 1768
1704 1894
1704 2057
1704 2084
1705 1834
1705 1847
1705 1856
1705 1977
1706 1738
1706 1750
1706 1753
1706 1778
1706 1782
1706 1812
1706 1844
1706 1860
1706 1934
1706 1968
1706 2003
1706 2030
1706 2039
1707 1868
1707 1884
1707 1950
1707 1990
1708 1711
1708 1759
1708 1872
1709 1830
1709 1832
1709 1883
1709 1891
1709 1953
1709 2037
1709 2089
1710 1781
1710 1866
1711 1719
1711 1731
1711 1751
1711 1754
1711 1755
1711 1916
1711 1938
1711 1971
1711 1980
1711 2001
1712 1736
1712 1748
1712 1840
1712 1880
1712 1996
1712 2067
1713 1804
1713 1821
1713 1885
1713 1887
1713 1899
1713 1907
1713 1983
1713 2002
1713 2007
1713 2040
1713 2054
1714 1739
1714 1741
1714 1742
1714 1766
1714 1853
1714 1866
1714 1891
1714 1928
1714 1974
1714 1977
1714 1982
1714 1988
1714 2018
1715 1721
1715 1783
1715 1804
1715 1825
1715 1837
1715 1846
1715 1871
1715 1914
1715 1929
1715 1939
1715 1945
1715 1952
1715 1964
1715 2053
1715 2062
1715 2083
1715 2086
1715 2088
1716 1851
1716 1875
1716 1967
1716 2004
1716 2034
1716 2044
1717 1942
1717 1947
1717 2082
1718 1737
1718 1755
1718 1813
1718 1894
1718 1986
1719 1721
1719 1725
1719 1735
1719 1791
1719 1797
1719 1828
1719 1862
1719 1873
1719 1914
1719 1919
1719 1936
1719 1978
1719 1987
1719 1995
1719 2064
1720 1724
1720 1757
1720 1758
1720 1866
1720 1920
1720 1976
1720 2058
1721 1791
1721 1797
1721 1804
1721 1818
1721 1828
1721 1862
1721 1873
1721 1899
1721 1914
1721 1939
1721 1952
1721 1964
1721 1987
1721 1995
1721 2062
1722 1770
1722 1879
1722 1886
1722 1890
1722 1959
1722 1998
1722 2032
1722 2042
1723 1757
1723 1794
1723 1816
1723 1819
1723 1850
1723 1905
1723 1918
1723 1925
1723 1974
1723 2018
1723 2048
1723 2060
1724 1727
1724 1737
1724 1758
1724 1768
1724 1832
1724 1853
1724 1879
1724 1891
1724 1895
1724 1905
1724 1927
1724 1933
1724 1974
1724 2006
1724 2032
1724 2038
1724 2042
1725 1729
1725 1740
1725 1924
1725 2059
1726 1805
1726 1956
1726 2061
1726 2075
1727 1758
1727 1768
1727 1879
1727 1998
1727 2081
1728 1733
1728 1764
1728 1779
1728 1802
1728 1824
1728 1833
1728 1870
1728 2020
1728 2034
1728 2052
1729 1740
1729 1924
1730 1771
1730 1777
1730 1855
1730 1876
1730 1881
1730 1922
1730 1923
1730 1937
1730 1984
1730 1985
1730 2051
1730 2080
1730 2093
1731 1735
1731 1754
1731 1849
1732 1788
1732 1942
1732 2011
1732 2074
1732 2097
1733 1764
1733 1779
1733 1789
1733 1802
1733 1824
1733 1833
1733 1870
1733 2020
1733 2034
1733 2052
1734 1742
1734 1793
1734 1794
1734 1811
1734 1829
1734 1931
1734 1933
1734 1948
1734 2006
1735 1748
1735 1761
1735 1765
1735 1773
1735 1786
1735 1862
1735 1873
1735 1885
1735 1919
1735 1932
1735 1936
1735 1980
1735 1987
1735 1995
1735 2002
1735 2005
1736 1760
1736 1880
1736 1947
1737 1755
1737 1854
1737 1894
1737 2057
1738 1750
1738 1753
1738 1844
1738 1934
1738 2003
1738 2073
1739 1742
1739 1766
1739 1800
1739 1810
1739 1930
1739 1940
1739 1959
1739 2058
1739 2060
1739 2079
1740 1924
1740 1954
1740 2059
1741 1742
1741 1766
1741 1801
1741 1803
1741 1925
1741 1933
1741 1977
1741 2018
1741 2065
1742 1793
1742 1811
1742 1829
1742 1869
1742 1974
1742 1976
1742 1977
1742 2006
1742 2018
1742 2058
1743 1753
1743 1796
1743 1812
1743 1844
1743 1858
1743 1860
1743 1898
1743 1966
1743 2055
1744 1846
1744 2023
1744 2036
1745 1747
1745 1769
1745 1790
1745 1815
1745 1839
1745 1896
1745 1906
1745 1910
1745 1973
1745 1999
1745 2008
1745 2010
1745 2012
1745 2028
1745 2045
1745 2050
1746 1781
1746 1857
1746 1866
1746 1895
1746 1976
1746 2026
1746 2031
1746 2038
1747 1790
1747 1815
1747 1839
1747 1896
1747 1910
1747 2008
1747 2012
1747 2028
1747 2045
1748 2000
1748 2067
1749 1938
1749 1963
1749 2024
1750 1753
1750 1778
1750 1812
1750 1844
1750 1858
1750 1965
1750 2003
1750 2030
1750 2066
1750 2073
1750 2085
1751 1752
1751 1815
1751 1868
1751 1914
1751 1916
1751 1938
1751 1942
1751 2074
1752 1843
1752 2033
1752 2041
1753 1768
1753 1782
1753 1812
1753 1844
1753 1860
1753 1966
1753 1968
1753 2003
1753 2039
1754 1756
1754 1773
1754 1849
1754 2011
1754 2074
1755 1894
1755 2057
1755 2084
1756 1773
1756 2022
1757 1763
1757 1819
1757 1897
1757 1918
1757 1925
1757 2048
1757 2079
1757 2091
1758 1787
1758 1792
1758 1920
1758 1930
1758 1940
1758 1959
1758 2079
1759 1864
1759 1868
1759 1971
1760 1774
1760 1814
1760 1820
1760 1826
1760 1852
1760 1900
1760 1979
1761 1773
1761 1814
1761 1859
1761 1926
1761 1980
1761 2027
1761 2063
1761 2071
1762 1867
1763 1801
1763 1905
1763 1918
1763 1959
1763 1977
1763 2058
1763 2069
1763 2086
1764 1779
1764 1789
1764 1802
1764 1824
1764 1833
1764 1870
1764 2020
1764 2034
1764 2052
1765 1838
1765 1849
1765 1861
1765 1908
1765 1996
1765 2022
1766 1810
1766 1857
1766 1866
1766 1891
1766 1959
1766 1974
1766 1977
1766 2015
1766 2058
1767 1822
1768 1844
1768 1894
1768 1943
1768 2084
1769 1790
1769 1815
1769 1839
1769 1896
1769 1906
1769 1910
1769 1999
1769 2008
1769 2012
1769 2045
1769 2050
1770 1787
1770 1879
1770 1886
1770 1959
1770 1975
1770 2042
1770 2089
1771 1777
1771 1855
1771 1876
1771 1881
1771 1922
1771 1923
1771 1937
1771 1984
1771 1985
1771 2035
1771 2051
1771 2080
1771 2087
1771 2093
1772 1879
1772 1886
1772 1975
1773 1996
1773 2027
1774 1820
1774 1826
1774 1926
1774 1979
1774 2027
1775 2011
1776 1852
1776 1861
1776 1900
1776 1979
1777 1855
1777 1876
1777 1881
1777 1922
1777 1923
1777 1937
1777 1984
1777 1985
1777 2051
1777 2080
1777 2093
1778 1782
1778 1858
1778 2030
1778 2039
1779 1789
1779 1802
1779 1833
1779 1870
1779 2020
1779 2034
1780 1918
1781 1792
1781 1977
1781 2060
1782 1858
1782 2003
1782 2073
1783 1825
1783 1837
1783 1871
1783 1914
1783 1929
1783 1939
1783 1945
1783 1952
1783 1964
1783 2053
1783 2062
1783 2083
1783 2086
1783 2088
1784 1978
1784 2002
1785 1788
1786 1798
1786 1804
1786 1821
1786 1845
1786 1848
1786 1882
1786 1885
1786 1887
1786 1899
1786 1907
1786 1969
1786 1983
1786 2002
1786 2007
1786 2040
1786 2054
1786 2071
1787 1879
1787 1886
1787 1975
1787 1998
1788 1813
1788 1992
1788 2024
1788 2027
1788 2049
1788 2097
1789 1802
1789 1833
1789 1870
1789 2020
1789 2034
1790 1815
1790 1839
1790 1896
1790 1906
1790 1910
1790 1999
1790 2008
1790 2045
1790 2050
1791 1862
1791 1873
1791 1995
1791 2064
1792 1801
1792 1977
1792 2001
1793 1811
1793 1829
1793 1931
1793 1948
1793 1972
1793 1976
1793 1977
1793 2006
1793 2018
1794 1816
1794 1819
1794 1905
1794 1925
1794 1933
1794 2091
1795 1979
1796 1844
1796 1898
1796 1912
1797 1828
1797 1873
1797 1914
1797 2062
1798 1804
1798 1869
1798 1882
1798 1885
1798 1899
1798 1903
1798 1907
1798 2002
1798 2007
1798 2040
1798 2054
1799 1806
1799 1893
1799 1908
1799 1916
1799 1942
1799 2022
1799 2070
1800 1841
1800 1842
1800 1901
1800 1928
1800 1935
1800 1942
1800 1992
1800 2024
1800 2058
1800 2074
1800 2076
1800 2097
1801 1854
1801 1923
1801 1928
1801 1977
1801 1984
1801 1985
1801 2029
1801 2031
1801 2065
1801 2068
1802 1824
1802 1833
1802 1870
1802 2020
1802 2034
1802 2052
1803 1834
1803 1977
1804 1821
1804 1846
1804 1907
1804 1939
1804 1969
1804 1983
1804 2007
1804 2040
1804 2054
1805 1823
1805 1831
1805 1874
1805 1888
1805 1956
1805 1989
1805 1993
1805 2051
1805 2061
1806 1916
1807 1924
1807 2017
1807 2090
1808 1830
1808 1832
1808 1883
1808 1886
1808 1890
1808 1928
1808 1953
1808 2009
1808 2089
1809 1865
1809 1893
1809 2001
1810 1866
1810 1891
1810 1959
1810 1974
1810 2015
1810 2058
1810 2060
1811 1829
1811 1931
1811 1948
1811 1972
1811 2006
1812 1844
1812 1858
1812 1961
1812 1968
1812 2003
1812 2039
1812 2073
1813 1986
1813 1992
1813 2049
1813 2097
1814 1820
1814 1859
1814 1880
1814 1900
1815 1839
1815 1896
1815 1906
1815 1910
1815 1924
1815 1973
1815 1999
1815 2008
1815 2010
1815 2012
1815 2028
1815 2045
1815 2050
1816 1819
1816 1905
1817 1832
1817 1883
1817 1948
1817 1953
1817 2037
1818 1892
1818 1949
1818 1952
1818 2051
1819 1905
1819 1918
1819 1925
1819 2048
1819 2065
1819 2079
1819 2091
1820 1852
1820 1863
1820 1900
1820 1981
1821 1848
1821 1882
1821 1885
1821 1899
1821 1903
1821 1907
1821 1919
1821 1932
1821 1958
1821 1969
1821 1983
1821 2002
1821 2007
1821 2040
1821 2054
1822 1841
1823 1831
1823 1888
1823 1956
1823 1989
1823 1993
1823 2051
1823 2061
1823 2075
1824 1833
1824 1870
1824 2020
1824 2034
1825 1837
1825 1871
1825 2040
1825 2053
1825 2062
1825 2083
1825 2088
1826 1840
1826 1841
1826 1900
1826 1942
1826 1979
1827 1830
1827 1832
1827 1883
1827 1890
1827 1891
1827 1998
1827 2009
1827 2031
1827 2032
1827 2037
1827 2042
1827 2094
1828 1862
1828 1873
1828 1914
1828 1987
1828 1995
1829 1928
1829 1948
1829 1988
1829 2006
1829 2068
1830 1832
1830 1883
1830 1891
1830 1927
1830 2089
1831 1888
1831 1956
1831 2051
1831 2061
1832 1879
1832 1883
1832 1891
1832 1927
1832 1953
1832 1970
1832 2037
1833 1870
1833 2020
1833 2034
1833 2052
1834 1847
1834 1856
1834 1977
1835 1892
1835 1951
1835 2051
1836 1872
1836 1877
1836 1921
1837 1871
1837 1914
1837 1939
1837 1945
1837 1952
1837 2053
1837 2062
1837 2083
1837 2086
1837 2088
1838 1849
1838 1861
1838 1916
1838 2022
1838 2059
1839 1896
1839 1906
1839 1910
1839 1973
1839 1999
1839 2008
1839 2028
1840 1947
1840 1979
1840 2027
1841 1935
1841 1942
1841 2024
1841 2074
1841 2097
1842 1938
1842 1943
1842 1992
1842 2009
1843 2033
1843 2041
1844 1860
1844 1912
1844 1966
1844 1968
1844 2003
1844 2039
1845 1882
1845 1885
1845 1899
1845 1903
1845 1907
1845 2002
1845 2054
1845 2095
1846 1871
1846 1939
1846 2036
1846 2051
1846 2062
1846 2083
1847 1856
1847 1977
1847 2060
1848 1882
1848 1899
1848 2054
1849 1861
1849 1904
1849 1996
1849 2022
1850 1905
1850 1925
1850 2079
1851 1875
1851 1967
1851 2004
1851 2044
1852 1863
1852 2017
1853 1931
1853 1933
1853 1974
1853 2019
1853 2081
1855 1881
1855 1922
1855 1923
1855 1937
1855 1984
1855 1985
1855 2035
1855 2080
1856 1977
1857 1952
1858 1961
1858 2003
1858 2030
1858 2039
1858 2066
1858 2085
1859 1880
1860 1966
1860 1968
1860 2073
1861 2022
1861 2071
1862 1873
1862 1987
1862 1995
1865 1893
1866 1931
1866 1944
1866 1959
1866 1974
1866 2006
1866 2009
1866 2015
1866 2031
1866 2058
1866 2072
1866 2078
1868 1990
1868 2090
1869 1970
1869 2007
1870 2020
1870 2034
1870 2052
1871 1914
1871 1939
1871 1945
1871 1952
1871 2053
1871 2062
1871 2083
1871 2088
1872 1980
1873 1899
1873 1914
1873 1987
1873 1995
1875 1967
1875 2004
1875 2044
1876 1922
1876 1923
1876 1937
1876 1984
1876 1985
1876 2043
1876 2080
1876 2087
1876 2093
1877 1921
1877 1980
1878 2027
1879 1886
1879 1959
1879 1975
1879 2009
1880 1900
1880 1947
1880 1979
1880 2027
1880 2046
1881 1922
1881 1923
1881 1937
1881 1984
1881 1985
1881 2051
1881 2080
1881 2093
1882 1885
1882 1887
1882 1899
1882 1903
1882 1907
1882 1919
1882 1932
1882 1983
1882 2002
1882 2007
1882 2040
1882 2054
1883 1890
1883 1891
1883 1946
1883 1953
1883 2009
1883 2018
1883 2032
1883 2037
1883 2089
1885 1887
1885 1899
1885 1903
1885 1907
1885 1919
1885 1958
1885 1983
1885 2002
1885 2007
1885 2040
1885 2054
1886 1959
1886 1975
1886 1976
1886 2009
1887 1907
1887 1969
1887 1983
1887 2007
1887 2040
1887 2054
1888 1956
1888 2061
1889 1911
1890 1953
1890 1975
1890 2009
1890 2032
1890 2037
1890 2089
1891 1928
1891 1933
1891 2031
1891 2058
1892 1915
1892 1917
1892 1949
1892 1951
1892 1958
1892 2051
1892 2056
1893 1908
1893 1955
1894 2084
1896 1906
1896 1910
1896 1973
1896 1999
1896 2008
1896 2010
1896 2012
1896 2028
1896 2045
1896 2050
1897 1905
1897 1918
1897 2001
1897 2042
1897 2079
1897 2091
1898 1912
1898 1934
1898 2073
1899 1903
1899 1907
1899 1919
1899 1932
1899 1969
1899 1983
1899 2002
1899 2007
1899 2040
1899 2054
1900 1981
1900 2046
1902 2001
1902 2077
1903 1907
1903 1919
1903 2007
1903 2054
1904 1947
1904 1980
1905 1918
1905 1920
1905 1925
1905 1974
1905 2000
1905 2048
1905 2065
1905 2079
1905 2091
1906 1910
1906 1973
1906 2008
1906 2010
1906 2012
1906 2028
1906 2045
1907 1969
1907 1983
1907 2002
1907 2005
1907 2007
1907 2040
1907 2054
1907 2095
1908 1943
1908 1996
1909 1994
1909 2001
1909 2077
1910 1973
1910 1999
1910 2008
1910 2010
1910 2012
1910 2028
1910 2045
1910 2050
1912 1966
1912 2073
1913 1991
1914 1929
1914 1939
1914 1945
1914 1952
1914 1964
1914 2053
1914 2062
1914 2083
1914 2086
1914 2088
1915 1917
1915 1951
1915 2051
1915 2056
1916 1942
1916 1954
1916 1980
1916 2074
1917 1949
1917 1951
1917 2056
1918 1925
1918 1928
1918 2048
1918 2065
1918 2091
1919 1936
1919 1941
1919 1958
1919 1983
1919 1995
1919 2007
1919 2014
1919 2040
1919 2054
1920 2058
1922 1923
1922 1937
1922 1984
1922 1985
1922 2035
1922 2051
1922 2080
1922 2093
1923 1937
1923 1984
1923 1985
1923 2051
1923 2080
1923 2087
1923 2093
1925 2048
1925 2079
1925 2091
1926 2063
1927 1956
1928 1930
1928 1972
1928 1974
1928 1977
1928 1982
1928 2018
1928 2031
1928 2048
1928 2058
1928 2060
1928 2091
1929 1939
1929 1952
1929 1964
1929 2062
1929 2086
1930 1959
1930 2058
1930 2081
1931 1933
1931 1948
1931 1972
1931 2006
1931 2047
1932 1941
1932 2095
1934 1998
1934 2073
1934 2079
1935 1942
1935 1992
1935 2074
1936 1941
1936 1958
1936 1995
1937 1984
1937 1985
1937 2035
1937 2043
1937 2051
1937 2080
1937 2093
1938 1992
1938 2031
1938 2076
1939 1945
1939 1952
1939 1964
1939 2053
1939 2062
1939 2083
1939 2086
1939 2088
1940 1959
1941 1978
1941 2014
1942 2011
1942 2068
1942 2097
1943 2059
1944 1976
1944 2072
1945 1952
1945 1964
1945 2053
1945 2062
1945 2083
1946 2032
1946 2092
1948 1975
1949 2056
1951 1962
1951 2051
1951 2056
1952 1964
1952 2036
1952 2053
1952 2062
1952 2083
1952 2086
1952 2088
1953 1975
1953 2019
1953 2089
1954 2059
1955 2074
1956 1989
1956 1993
1956 2051
1956 2061
1956 2075
1957 2021
1957 2054
1958 1983
1958 2040
1958 2054
1959 1974
1959 2026
1960 2049
1960 2074
1961 2030
1961 2039
1961 2085
1964 2023
1964 2036
1964 2053
1964 2062
1964 2083
1965 2073
1967 2004
1967 2044
1968 2073
1969 1983
1969 2007
1969 2040
1969 2054
1971 1980
1972 2006
1972 2032
1973 2008
1973 2012
1973 2045
1973 2050
1974 1977
1974 1982
1974 2015
1974 2018
1974 2058
1974 2060
1974 2062
1975 1998
1975 2009
1975 2032
1975 2042
1975 2089
1975 2094
1976 2058
1976 2072
1976 2079
1977 1988
1977 2029
1977 2058
1977 2060
1982 2018
1983 1995
1983 2002
1983 2007
1983 2040
1983 2054
1984 1985
1984 2029
1984 2035
1984 2043
1984 2051
1984 2080
1984 2086
1984 2093
1985 2051
1985 2080
1985 2093
1987 1995
1988 2058
1989 1993
1990 2027
1992 2049
1992 2076
1992 2097
1993 2051
1994 2001
1994 2038
1996 2022
1997 2051
1998 2094
1999 2008
1999 2050
2000 2001
2000 2009
2001 2038
2001 2077
2002 2007
2002 2054
2003 2030
2004 2044
2006 2018
2007 2040
2007 2054
2008 2012
2008 2028
2008 2045
2008 2050
2009 2032
2009 2037
2010 2050
2011 2024
2011 2074
2011 2097
2012 2028
2012 2045
2012 2050
2013 2023
2015 2037
2016 2051
2017 2041
2017 2090
2020 2034
2020 2052
2023 2060
2024 2074
2024 2097
2025 2070
2026 2058
2027 2049
2028 2045
2028 2050
2029 2068
2030 2085
2032 2037
2032 2089
2032 2094
2033 2041
2034 2052
2035 2080
2036 2051
2036 2062
2037 2089
2040 2054
2040 2083
2042 2060
2042 2094
2045 2050
2047 2048
2047 2088
2047 2096
2048 2079
2048 2091
2049 2074
2051 2056
2051 2080
2051 2093
2053 2062
2053 2083
2053 2086
2053 2088
2057 2084
2062 2083
2062 2086
2062 2088
2066 2085
2074 2097
2079 2086
2079 2091
2080 2093
2083 2088
2086 2088
2098 2110
2098 2113
2098 2114
2098 2124
2098 2131
2098 2132
2098 2135
2099 2102
2099 2104
2099 2110
2099 2113
2099 2114
2099 2119
2099 2124
2099 2128
2099 2134
2099 2135
2099 2137
2099 2141
2099 2145
2100 2130
2101 2104
2101 2109
2101 2111
2101 2120
2101 2128
2102 2116
2102 2128
2102 2130
2102 2134
2102 2137
2102 2141
2102 2144
2103 2126
2104 2109
2104 2111
2104 2134
2104 2141
2105 2107
2105 2125
2105 2127
2105 2146
2106 2123
2106 2129
2106 2136
2107 2142
2108 2116
2108 2130
2109 2111
2109 2120
2109 2141
2110 2112
2110 2113
2110 2114
2110 2124
2110 2131
2110 2132
2110 2135
2110 2141
2111 2116
2111 2120
2111 2128
2111 2135
2111 2137
2112 2118
2112 2139
2113 2114
2113 2124
2113 2131
2113 2132
2113 2134
2113 2135
2113 2141
2114 2115
2114 2118
2114 2121
2114 2124
2114 2128
2114 2131
2114 2132
2114 2134
2114 2135
2115 2121
2115 2144
2116 2130
2116 2134
2116 2137
2116 2141
2116 2144
2117 2140
2118 2133
2118 2135
2118 2138
2118 2142
2119 2124
2119 2135
2119 2141
2120 2127
2120 2133
2120 2135
2120 2141
2120 2142
2120 2146
2122 2138
2123 2129
2123 2136
2124 2132
2124 2135
2124 2141
2125 2142
2127 2135
2127 2142
2127 2146
2128 2130
2128 2134
2128 2135
2128 2141
2128 2145
2128 2146
2129 2136
2130 2134
2130 2137
2130 2141
2131 2135
2131 2141
2132 2137
2132 2141
2133 2138
2133 2141
2133 2142
2133 2145
2133 2146
2134 2137
2134 2141
2135 2141
2135 2142
2135 2145
2135 2146
2137 2141
2138 2142
2138 2143
2138 2146
2142 2146
